"","tractid","boro_code","boro_name","boro_ct2020","shape_area","aug19","aug21","jul19","jul21","jun19","jun21","may19","may21","may_change","jun_change","jul_change","aug_change"
"1",36005000100,2,"Bronx",2000100,18163734.8957,14678,13243,13621,13744,13305,14548,14266,13412,-854,1243,123,-1435
"2",36005000200,2,"Bronx",2000200,4877012.54236,8525,7552,7853,8222,8183,7443,7733,7073,-660,-740,369,-973
"3",36005000400,2,"Bronx",2000400,8557952.85498,9252,7979,9766,8331,10499,8331,10840,7689,-3151,-2168,-1435,-1273
"4",36005001600,2,"Bronx",2001600,5221330.09714,8732,8009,8542,8110,10000,8685,10909,8457,-2452,-1315,-432,-723
"5",36005001901,2,"Bronx",2001901,2232573.69174,6970,6597,6978,7240,8121,6616,6909,6095,-814,-1505,262,-373
"6",36005001902,2,"Bronx",2001902,5059222.39755,14279,14137,13653,14862,15246,15392,14588,14709,121,146,1209,-142
"7",36005001903,2,"Bronx",2001903,9738246.67854,10658,10898,10754,11581,11339,11876,10912,11860,948,537,827,240
"8",36005001904,2,"Bronx",2001904,930649.175315,29,39,35,52,32,15,26,13,-13,-17,17,10
"9",36005002001,2,"Bronx",2002001,2131637.85734,5233,5091,5368,5372,5603,5111,5640,4788,-852,-492,4,-142
"10",36005002002,2,"Bronx",2002002,2205268.54957,5397,6078,5299,6066,5717,5455,5495,4977,-518,-262,767,681
"11",36005002300,2,"Bronx",2002300,1126745.17997,5755,4494,6230,5338,6826,4402,6762,4425,-2337,-2424,-892,-1261
"12",36005002400,2,"Bronx",2002400,7798457.59029,1989,2166,1922,2128,2030,2007,1705,1774,69,-23,206,177
"13",36005002500,2,"Bronx",2002500,1372151.25721,8071,6949,8161,7491,8691,6467,8724,6527,-2197,-2224,-670,-1122
"14",36005002701,2,"Bronx",2002701,875817.560439,3585,3752,3526,4320,3677,3849,4008,4084,76,172,794,167
"15",36005002702,2,"Bronx",2002702,1677797.98908,8976,7747,8917,8790,9484,8289,9441,8216,-1225,-1195,-127,-1229
"16",36005002800,2,"Bronx",2002800,4706441.34601,17919,16989,17173,17165,17905,16041,17000,15533,-1467,-1864,-8,-930
"17",36005003100,2,"Bronx",2003100,1680016.49223,6278,6001,5840,5580,6335,5877,5964,5825,-139,-458,-260,-277
"18",36005003300,2,"Bronx",2003300,1639977.47276,5571,4802,5509,5189,5624,4945,5431,5097,-334,-679,-320,-769
"19",36005003500,2,"Bronx",2003500,1525330.7145,5261,5525,5586,5906,6140,5599,6135,5494,-641,-541,320,264
"20",36005003700,2,"Bronx",2003700,1787327.43903,1331,1305,1399,1399,1501,1459,1408,1450,42,-42,0,-26
"21",36005003800,2,"Bronx",2003800,682166.27016,1896,1991,2012,1773,1938,1961,1641,1816,175,23,-239,95
"22",36005003900,2,"Bronx",2003900,2326464.74675,10637,9380,10944,10154,11974,9002,12300,8566,-3734,-2972,-790,-1257
"23",36005004001,2,"Bronx",2004001,1325276.21781,3112,2839,2908,2885,3589,3005,3482,2832,-650,-584,-23,-273
"24",36005004100,2,"Bronx",2004100,1977775.59105,7544,6946,7726,7186,8967,6620,8668,6815,-1853,-2347,-540,-598
"25",36005004200,2,"Bronx",2004200,5209131.48695,20513,17480,20336,18222,21301,18258,20539,17544,-2995,-3043,-2114,-3033
"26",36005004300,2,"Bronx",2004300,2441015.71332,12594,8730,12125,8789,13243,8860,13316,8628,-4688,-4383,-3336,-3864
"27",36005004400,2,"Bronx",2004400,2870570.3598,10710,10780,10199,10974,10852,9968,10482,9652,-830,-884,775,70
"28",36005004600,2,"Bronx",2004600,1435084.95728,5929,5840,6121,6301,6085,5845,5842,5670,-172,-240,180,-89
"29",36005004800,2,"Bronx",2004800,1600408.89595,6796,5524,6481,6246,6936,5928,6749,5550,-1199,-1008,-235,-1272
"30",36005005001,2,"Bronx",2005001,1053604.26779,3898,3505,3623,3482,4103,3450,4117,3311,-806,-653,-141,-393
"31",36005005002,2,"Bronx",2005002,1226231.42462,7161,6588,6727,7100,7623,6425,7086,6210,-876,-1198,373,-573
"32",36005005100,2,"Bronx",2005100,5514198.92039,18982,17369,19260,18674,21425,16868,21500,15839,-5661,-4557,-586,-1613
"33",36005005200,2,"Bronx",2005200,2011352.11724,5668,7065,5765,7216,6449,6569,6514,6664,150,120,1451,1397
"34",36005005300,2,"Bronx",2005300,908149.453016,4620,3447,4692,3695,4830,3224,4289,2880,-1409,-1606,-997,-1173
"35",36005005400,2,"Bronx",2005400,2133456.89397,8695,9195,8343,9794,9452,8693,9196,8745,-451,-759,1451,500
"36",36005005600,2,"Bronx",2005600,1511686.12456,3358,3328,3467,3451,4235,3197,4416,3201,-1215,-1038,-16,-30
"37",36005005902,2,"Bronx",2005902,764814.626887,3847,2255,3830,2405,4406,2218,4177,2103,-2074,-2188,-1425,-1592
"38",36005006000,2,"Bronx",2006000,3643642.87323,5365,4071,5682,4326,6041,5222,5930,4339,-1591,-819,-1356,-1294
"39",36005006100,2,"Bronx",2006100,2613469.03092,13222,8245,13388,7987,15500,7396,14397,7089,-7308,-8104,-5401,-4977
"40",36005006200,2,"Bronx",2006200,2074926.96499,8193,7323,7908,7676,8507,7427,8703,7111,-1592,-1080,-232,-870
"41",36005006301,2,"Bronx",2006301,8580996.69776,42611,33280,38464,32178,43826,30166,41773,28791,-12982,-13660,-6286,-9331
"42",36005006302,2,"Bronx",2006302,2808902.98499,24762,24164,20786,19929,22474,15947,20782,11122,-9660,-6527,-857,-598
"43",36005006400,2,"Bronx",2006400,1799541.05347,5023,4682,4955,4626,5601,4869,5220,4519,-701,-732,-329,-341
"44",36005006500,2,"Bronx",2006500,2816010.81172,24577,18568,25154,19352,25772,17414,26134,17159,-8975,-8358,-5802,-6009
"45",36005006700,2,"Bronx",2006700,2277490.13047,10430,9044,10290,9925,11910,9320,11155,8712,-2443,-2590,-365,-1386
"46",36005006800,2,"Bronx",2006800,1674049.11607,6695,6153,5922,6648,6530,5977,6090,5742,-348,-553,726,-542
"47",36005006900,2,"Bronx",2006900,2029126.22116,10204,9072,9634,9551,9245,9866,8959,9690,731,621,-83,-1132
"48",36005007000,2,"Bronx",2007000,2207823.35061,5835,5515,5984,5437,7036,5305,6581,5016,-1565,-1731,-547,-320
"49",36005007100,2,"Bronx",2007100,2841852.30796,15193,13085,14555,12862,15202,13003,14494,12464,-2030,-2199,-1693,-2108
"50",36005007200,2,"Bronx",2007200,2283208.25187,9298,7364,8625,7687,9524,7696,9479,6624,-2855,-1828,-938,-1934
"51",36005007300,2,"Bronx",2007300,1507611.38754,6921,6650,6844,6764,7175,6130,7466,5706,-1760,-1045,-80,-271
"52",36005007400,2,"Bronx",2007400,2012633.62061,3839,2959,3922,3243,4255,3528,4108,3186,-922,-727,-679,-880
"53",36005007500,2,"Bronx",2007500,2458741.05682,8927,7835,8389,9242,8803,8109,8345,8144,-201,-694,853,-1092
"54",36005007600,2,"Bronx",2007600,2343060.64846,8892,7537,8716,7558,10164,7091,10068,6527,-3541,-3073,-1158,-1355
"55",36005007700,2,"Bronx",2007700,1214306.32206,3923,3551,3855,3890,4253,3318,4120,3086,-1034,-935,35,-372
"56",36005007800,2,"Bronx",2007800,3355904.62037,7319,7116,7204,7107,8581,7344,8626,7331,-1295,-1237,-97,-203
"57",36005007900,2,"Bronx",2007900,2126625.73325,8204,7702,8075,7952,9018,7215,8536,7171,-1365,-1803,-123,-502
"58",36005008300,2,"Bronx",2008300,2303687.99853,10258,9072,9738,9748,10696,8918,10291,8098,-2193,-1778,10,-1186
"59",36005008400,2,"Bronx",2008400,1674998.45065,3384,2360,3821,2370,3664,2558,3463,2544,-919,-1106,-1451,-1024
"60",36005008500,2,"Bronx",2008500,1966131.48222,8886,7580,8571,7846,9093,7125,8325,6670,-1655,-1968,-725,-1306
"61",36005008600,2,"Bronx",2008600,2019879.83254,4674,4489,4734,4815,5230,4609,5653,4484,-1169,-621,81,-185
"62",36005008700,2,"Bronx",2008700,2302753.25282,9525,8299,9131,8588,10408,7867,9670,7581,-2089,-2541,-543,-1226
"63",36005008900,2,"Bronx",2008900,1174411.33066,7117,6159,7146,6416,7780,6155,7352,5751,-1601,-1625,-730,-958
"64",36005009000,2,"Bronx",2009000,11318415.5034,32306,28880,33136,30278,32556,32679,33230,31831,-1399,123,-2858,-3426
"65",36005009200,2,"Bronx",2009200,3334997.94571,12810,11142,12566,11402,13981,12080,13829,10869,-2960,-1901,-1164,-1668
"66",36005009301,2,"Bronx",2009301,6152193.91842,13029,13703,12730,15274,14206,14323,13899,12903,-996,117,2544,674
"67",36005009302,2,"Bronx",2009302,19094239.4803,15730,16689,15076,17922,15867,16724,15334,15236,-98,857,2846,959
"68",36005009600,2,"Bronx",2009600,7271293.371,20932,13074,18778,12304,20456,13411,22289,12794,-9495,-7045,-6474,-7858
"69",36005009800,2,"Bronx",2009800,5572372.94957,11503,8819,11700,8830,12499,9165,12220,8832,-3388,-3334,-2870,-2684
"70",36005011000,2,"Bronx",2011000,21745194.1586,3803,4706,3804,4788,4037,5720,4089,5404,1315,1683,984,903
"71",36005011502,2,"Bronx",2011502,3716262.05608,8020,9507,7602,9769,8148,9158,8036,9566,1530,1010,2167,1487
"72",36005011701,2,"Bronx",2011701,2406951.30999,4182,4448,4058,4812,4518,4466,4539,4467,-72,-52,754,266
"73",36005011702,2,"Bronx",2011702,12494793.1287,12284,13674,12034,14178,12281,13558,13445,12590,-855,1277,2144,1390
"74",36005011800,2,"Bronx",2011800,10849463.0064,10305,9606,8741,9187,9449,10599,9420,9612,192,1150,446,-699
"75",36005011900,2,"Bronx",2011900,1811090.68417,9288,8984,9253,8840,9674,8005,9657,7596,-2061,-1669,-413,-304
"76",36005012101,2,"Bronx",2012101,1251776.20203,3757,3588,4124,4072,4793,3729,4530,3403,-1127,-1064,-52,-169
"77",36005012102,2,"Bronx",2012102,555873.815862,2343,2085,2268,2270,2562,2441,2645,2162,-483,-121,2,-258
"78",36005012300,2,"Bronx",2012300,3207261.20514,7492,7755,7943,8742,8677,9586,8394,8132,-262,909,799,263
"79",36005012500,2,"Bronx",2012500,1828803.45514,5039,4537,5063,5236,5498,4589,5084,4656,-428,-909,173,-502
"80",36005012701,2,"Bronx",2012701,1172792.87134,5220,5016,5350,5476,5908,5361,5860,5066,-794,-547,126,-204
"81",36005012901,2,"Bronx",2012901,1682640.15682,7481,5966,7415,6362,8403,5622,7700,5517,-2183,-2781,-1053,-1515
"82",36005013000,2,"Bronx",2013000,1248461.17814,2516,2758,2444,2684,2843,2796,2533,2895,362,-47,240,242
"83",36005013100,2,"Bronx",2013100,2477239.18702,7237,6402,7063,7447,7973,6441,7285,6060,-1225,-1532,384,-835
"84",36005013200,2,"Bronx",2013200,6520114.03054,12345,11071,12785,10919,14050,12533,14436,11483,-2953,-1517,-1866,-1274
"85",36005013300,2,"Bronx",2013300,1734820.26737,6636,5737,6488,5984,6989,5472,6863,5359,-1504,-1517,-504,-899
"86",36005013500,2,"Bronx",2013500,1807152.89631,4731,4206,4646,4502,5568,3970,5324,4193,-1131,-1598,-144,-525
"87",36005013800,2,"Bronx",2013800,8319740.73339,5555,5976,5349,6630,5887,7001,5855,6478,623,1114,1281,421
"88",36005014100,2,"Bronx",2014100,1907232.48809,12067,12307,11280,13476,11186,12849,10716,12248,1532,1663,2196,240
"89",36005014300,2,"Bronx",2014300,1395894.35658,4857,4371,4347,4709,4349,3833,4064,3589,-475,-516,362,-486
"90",36005014400,2,"Bronx",2014400,4326450.89043,8062,7374,8738,7335,9405,7308,9062,7240,-1822,-2097,-1403,-688
"91",36005014500,2,"Bronx",2014500,1958133.41008,12202,10864,11706,12243,12429,11232,11531,10720,-811,-1197,537,-1338
"92",36005014701,2,"Bronx",2014701,1490474.94734,6028,4412,6221,4746,6701,4671,7202,4321,-2881,-2030,-1475,-1616
"93",36005014702,2,"Bronx",2014702,1247172.51933,5081,4159,5313,4103,5658,3886,5766,3592,-2174,-1772,-1210,-922
"94",36005014900,2,"Bronx",2014900,1677784.83282,6318,5594,6406,5593,7535,5062,7287,4503,-2784,-2473,-813,-724
"95",36005015100,2,"Bronx",2015100,2253623.72757,8017,6685,8039,7600,7965,7038,7756,6308,-1448,-927,-439,-1332
"96",36005015200,2,"Bronx",2015200,3050706.47507,7816,8969,7764,8994,8925,9625,9231,8409,-822,700,1230,1153
"97",36005015300,2,"Bronx",2015300,2522690.15332,6050,4679,6215,4960,6759,5155,6365,5005,-1360,-1604,-1255,-1371
"98",36005015500,2,"Bronx",2015500,1230923.82959,5208,4376,5505,4440,6040,4691,5471,4547,-924,-1349,-1065,-832
"99",36005015700,2,"Bronx",2015700,3362794.25669,7872,7319,7917,7535,8208,7058,8138,6895,-1243,-1150,-382,-553
"100",36005015800,2,"Bronx",2015800,1751816.31616,4106,3474,4463,3471,4978,3895,5659,3836,-1823,-1083,-992,-632
"101",36005015900,2,"Bronx",2015900,1112938.85899,6323,5789,5768,6306,6422,6161,6207,5395,-812,-261,538,-534
"102",36005016000,2,"Bronx",2016000,5532323.32693,8374,8256,9000,8158,9097,8746,8793,8045,-748,-351,-842,-118
"103",36005016100,2,"Bronx",2016100,2574142.84862,13034,9011,13557,10462,14675,10222,14313,9636,-4677,-4453,-3095,-4023
"104",36005016200,2,"Bronx",2016200,1944076.7852,5424,4742,5408,4709,5974,5245,6052,5244,-808,-729,-699,-682
"105",36005016300,2,"Bronx",2016300,6339739.03423,3688,2546,3727,3181,3929,2981,2917,2182,-735,-948,-546,-1142
"106",36005016400,2,"Bronx",2016400,1768563.73534,3540,2785,3422,2903,3952,3546,4116,3345,-771,-406,-519,-755
"107",36005016500,2,"Bronx",2016500,2083442.09607,6517,6105,7032,6299,7641,7013,7278,6698,-580,-628,-733,-412
"108",36005016600,2,"Bronx",2016600,3077495.72996,6174,5901,6082,6144,6659,6570,7159,6107,-1052,-89,62,-273
"109",36005016700,2,"Bronx",2016700,2217493.54735,6251,5672,6932,5581,7682,5426,8005,5336,-2669,-2256,-1351,-579
"110",36005016900,2,"Bronx",2016900,1000160.73862,2848,2261,2983,2284,3543,2371,3445,2271,-1174,-1172,-699,-587
"111",36005017100,2,"Bronx",2017100,1863712.18139,1014,919,1257,1140,1401,1006,1013,828,-185,-395,-117,-95
"112",36005017300,2,"Bronx",2017300,1774072.44672,8837,6931,8577,8074,9245,7522,8505,7201,-1304,-1723,-503,-1906
"113",36005017500,2,"Bronx",2017500,1631792.1409,8093,6921,8276,7582,9318,6761,8683,6497,-2186,-2557,-694,-1172
"114",36005017701,2,"Bronx",2017701,1147267.58181,6635,5628,6115,6209,6175,5660,5685,5403,-282,-515,94,-1007
"115",36005017702,2,"Bronx",2017702,1516100.6132,3766,3456,4060,3835,4450,3352,4340,3357,-983,-1098,-225,-310
"116",36005017901,2,"Bronx",2017901,825937.074616,4393,3700,4604,3702,4895,3316,4649,3498,-1151,-1579,-902,-693
"117",36005017902,2,"Bronx",2017902,827548.287441,2642,2171,2981,2164,3271,2231,2972,2178,-794,-1040,-817,-471
"118",36005018101,2,"Bronx",2018101,831113.043927,4360,3764,3759,4091,4006,4088,3818,4147,329,82,332,-596
"119",36005018102,2,"Bronx",2018102,1040364.56018,5405,4641,5627,5158,6477,4487,5849,4128,-1721,-1990,-469,-764
"120",36005018301,2,"Bronx",2018301,719418.261128,4255,3308,4289,3626,4803,2945,4381,2912,-1469,-1858,-663,-947
"121",36005018302,2,"Bronx",2018302,1208595.54425,8166,5865,8120,6806,8608,6154,8453,5535,-2918,-2454,-1314,-2301
"122",36005018400,2,"Bronx",2018400,4814309.56576,12510,13081,12218,14044,13480,14824,12620,14904,2284,1344,1826,571
"123",36005018501,2,"Bronx",2018501,1983331.80375,10076,9692,9671,11032,9601,10174,8876,9434,558,573,1361,-384
"124",36005018502,2,"Bronx",2018502,2447228.12823,10274,9289,9767,9876,10477,10074,9470,9158,-312,-403,109,-985
"125",36005018900,2,"Bronx",2018900,3924065.00386,12454,12359,11132,11904,12521,11059,11575,9891,-1684,-1462,772,-95
"126",36005019300,2,"Bronx",2019300,2587522.47335,6362,5568,6479,6431,6919,5373,6552,4884,-1668,-1546,-48,-794
"127",36005019400,2,"Bronx",2019400,8674375.30424,6775,6923,7018,7617,8263,8562,8699,7574,-1125,299,599,148
"128",36005019500,2,"Bronx",2019500,2376401.33784,14021,11850,14294,12301,14973,10245,15093,9189,-5904,-4728,-1993,-2171
"129",36005019700,2,"Bronx",2019700,1592663.29435,10329,8304,10891,9227,11671,8573,11036,7691,-3345,-3098,-1664,-2025
"130",36005019900,2,"Bronx",2019900,1908255.88818,8729,8102,9100,8351,9708,7819,8869,7245,-1624,-1889,-749,-627
"131",36005020000,2,"Bronx",2020000,3681096.35037,19777,15229,18622,14361,19283,15382,19205,15942,-3263,-3901,-4261,-4548
"132",36005020100,2,"Bronx",2020100,2986855.13273,5580,4436,5749,4416,6075,4642,5865,4292,-1573,-1433,-1333,-1144
"133",36005020200,2,"Bronx",2020200,1343330.92521,3773,2674,3867,2607,4186,2775,4272,2720,-1552,-1411,-1260,-1099
"134",36005020400,2,"Bronx",2020400,1447956.02327,3908,3284,3958,3594,4182,3680,4292,3814,-478,-502,-364,-624
"135",36005020501,2,"Bronx",2020501,2963751.56029,7435,6746,7565,6644,9008,6599,8155,6183,-1972,-2409,-921,-689
"136",36005020502,2,"Bronx",2020502,1087823.7284,2605,1912,2619,2017,2937,2047,2799,1883,-916,-890,-602,-693
"137",36005020601,2,"Bronx",2020601,1629908.8209,4262,3829,4220,4088,4810,4072,4402,3959,-443,-738,-132,-433
"138",36005020900,2,"Bronx",2020900,1429575.33902,6080,5369,6326,5759,7368,5363,7279,5409,-1870,-2005,-567,-711
"139",36005021001,2,"Bronx",2021001,2077079.8498,7130,6561,7291,7117,8123,6440,8162,6114,-2048,-1683,-174,-569
"140",36005021002,2,"Bronx",2021002,1867344.60273,5826,4577,6241,5073,6736,4965,6621,4663,-1958,-1771,-1168,-1249
"141",36005021100,2,"Bronx",2021100,1643801.98687,5467,4275,5605,4377,6655,3972,6183,4061,-2122,-2683,-1228,-1192
"142",36005021200,2,"Bronx",2021200,1087470.39099,5415,3955,5161,4216,5676,4029,5613,3940,-1673,-1647,-945,-1460
"143",36005021301,2,"Bronx",2021301,660910.223084,2530,1884,2510,1897,2738,2011,2711,2051,-660,-727,-613,-646
"144",36005021302,2,"Bronx",2021302,1812687.53071,4932,4375,4890,4806,5654,4906,5497,4844,-653,-748,-84,-557
"145",36005021501,2,"Bronx",2021501,986700.679584,4852,3919,4707,3727,5169,3588,5073,3243,-1830,-1581,-980,-933
"146",36005021502,2,"Bronx",2021502,1680526.99959,6482,5092,6958,5623,7733,5750,7227,5933,-1294,-1983,-1335,-1390
"147",36005021601,2,"Bronx",2021601,1761363.11835,5371,5261,5548,5472,5805,4880,5306,4925,-381,-925,-76,-110
"148",36005021602,2,"Bronx",2021602,1788230.55418,9601,7775,9579,8610,10470,8168,9961,7442,-2519,-2302,-969,-1826
"149",36005021700,2,"Bronx",2021700,1730154.13994,6455,5748,6796,6051,7635,6159,6995,5747,-1248,-1476,-745,-707
"150",36005021800,2,"Bronx",2021800,3233495.63296,8540,7799,8197,8315,8881,8348,8870,7635,-1235,-533,118,-741
"151",36005021900,2,"Bronx",2021900,1551551.82356,8047,5708,7644,6463,8614,5729,7977,5783,-2194,-2885,-1181,-2339
"152",36005022000,2,"Bronx",2022000,2460400.77779,7817,6662,8137,7488,8992,6547,8933,6287,-2646,-2445,-649,-1155
"153",36005022101,2,"Bronx",2022101,732245.112161,5607,4432,5913,4855,6422,4867,6106,4576,-1530,-1555,-1058,-1175
"154",36005022102,2,"Bronx",2022102,842620.128693,3871,3468,4200,3722,4676,3369,4592,3056,-1536,-1307,-478,-403
"155",36005022200,2,"Bronx",2022200,2364209.58511,10429,8728,9573,9425,11186,9359,11705,9409,-2296,-1827,-148,-1701
"156",36005022300,2,"Bronx",2022300,1001578.16052,6027,5384,6178,5654,6750,5620,6518,5412,-1106,-1130,-524,-643
"157",36005022401,2,"Bronx",2022401,923976.210312,8093,7545,7671,7353,7804,7062,7428,7131,-297,-742,-318,-548
"158",36005022403,2,"Bronx",2022403,1338120.93575,8105,7910,7503,8220,8336,8938,7869,8300,431,602,717,-195
"159",36005022404,2,"Bronx",2022404,999998.010875,5228,4637,5280,4914,5775,4929,5572,4992,-580,-846,-366,-591
"160",36005022500,2,"Bronx",2022500,1953063.11732,6586,5702,7369,6247,8168,6330,8253,5701,-2552,-1838,-1122,-884
"161",36005022701,2,"Bronx",2022701,1257527.04639,6984,5330,7438,5640,8565,5193,8008,5025,-2983,-3372,-1798,-1654
"162",36005022702,2,"Bronx",2022702,523884.248315,4001,3542,4390,3664,4764,3883,4439,3663,-776,-881,-726,-459
"163",36005022703,2,"Bronx",2022703,420601.091503,4401,3430,4740,3818,4924,3681,4615,3406,-1209,-1243,-922,-971
"164",36005022800,2,"Bronx",2022800,1851825.71763,6210,6394,5992,6440,6622,6332,6221,6415,194,-290,448,184
"165",36005022901,2,"Bronx",2022901,1297993.68637,4849,3671,5185,3877,5766,3882,5567,3970,-1597,-1884,-1308,-1178
"166",36005022902,2,"Bronx",2022902,995810.391656,3103,2951,3263,3015,3758,2842,3313,2684,-629,-916,-248,-152
"167",36005023000,2,"Bronx",2023000,1716002.12019,5539,4716,4966,4938,5371,4474,5156,4824,-332,-897,-28,-823
"168",36005023100,2,"Bronx",2023100,1274640.78413,6354,5713,6580,6345,7183,7175,6726,6347,-379,-8,-235,-641
"169",36005023200,2,"Bronx",2023200,1536082.34447,4214,3952,3955,4270,4828,4167,4473,4233,-240,-661,315,-262
"170",36005023301,2,"Bronx",2023301,1267798.76889,4911,3478,5749,4042,6328,3907,6259,4011,-2248,-2421,-1707,-1433
"171",36005023302,2,"Bronx",2023302,681197.900543,2431,2241,2394,2551,2809,2373,2759,2060,-699,-436,157,-190
"172",36005023501,2,"Bronx",2023501,736577.686966,4754,3367,5146,3525,5534,3378,5506,3067,-2439,-2156,-1621,-1387
"173",36005023502,2,"Bronx",2023502,1034853.3409,4328,3208,4476,3584,4842,3396,4791,3226,-1565,-1446,-892,-1120
"174",36005023600,2,"Bronx",2023600,989504.944714,3676,2840,3339,3052,3724,2753,3429,2460,-969,-971,-287,-836
"175",36005023702,2,"Bronx",2023702,515656.440229,7015,5418,6752,5762,6850,6056,6266,5706,-560,-794,-990,-1597
"176",36005023703,2,"Bronx",2023703,1071852.08422,7301,6194,7802,6634,8993,6382,8226,6015,-2211,-2611,-1168,-1107
"177",36005023704,2,"Bronx",2023704,728192.347046,3713,3223,3872,3772,4454,3457,3965,3293,-672,-997,-100,-490
"178",36005023800,2,"Bronx",2023800,3659519.69605,7229,6760,7530,6990,8648,6745,8276,6476,-1800,-1903,-540,-469
"179",36005023900,2,"Bronx",2023900,1913174.94236,10410,9739,11139,10529,13016,9999,12177,9380,-2797,-3017,-610,-671
"180",36005024000,2,"Bronx",2024000,2572874.34498,6426,5621,6607,6307,7398,6140,6849,5826,-1023,-1258,-300,-805
"181",36005024100,2,"Bronx",2024100,1447513.79181,7512,5965,8103,6414,8710,6248,8625,5780,-2845,-2462,-1689,-1547
"182",36005024300,2,"Bronx",2024300,1608003.7911,7254,6313,7875,6677,8085,5992,8034,5342,-2692,-2093,-1198,-941
"183",36005024400,2,"Bronx",2024400,1892754.11205,6233,4897,6097,5537,6455,5391,6113,4959,-1154,-1064,-560,-1336
"184",36005024501,2,"Bronx",2024501,1229662.68486,3869,3396,4177,3207,4772,2968,4632,2852,-1780,-1804,-970,-473
"185",36005024502,2,"Bronx",2024502,1072966.53267,3941,3491,4073,3291,4670,3130,4461,2995,-1466,-1540,-782,-450
"186",36005024600,2,"Bronx",2024600,1640625.73441,3316,3445,3314,3658,3809,3651,3732,3761,29,-158,344,129
"187",36005024700,2,"Bronx",2024700,1577332.14765,3277,2562,3409,2650,3622,2416,3466,2372,-1094,-1206,-759,-715
"188",36005024800,2,"Bronx",2024800,2992858.75732,7803,9252,8053,9546,8036,9934,8023,8989,966,1898,1493,1449
"189",36005024900,2,"Bronx",2024900,1883272.80961,2503,1212,2239,1002,2698,938,3873,839,-3034,-1760,-1237,-1291
"190",36005025000,2,"Bronx",2025000,1955822.59518,5453,5205,5129,5955,5352,5976,5183,5777,594,624,826,-248
"191",36005025100,2,"Bronx",2025100,2253288.15118,8042,6860,8136,7387,9735,6976,9203,6577,-2626,-2759,-749,-1182
"192",36005025200,2,"Bronx",2025200,2048258.91328,6398,6709,6370,6958,6393,6706,6087,5989,-98,313,588,311
"193",36005025300,2,"Bronx",2025300,1342439.58152,5965,5445,6333,5921,7109,5541,6772,5278,-1494,-1568,-412,-520
"194",36005025400,2,"Bronx",2025400,1828910.70682,6183,6278,5523,6602,5624,7016,5349,6967,1618,1392,1079,95
"195",36005025500,2,"Bronx",2025500,1804868.76837,6506,5930,6673,5902,7457,5624,7456,5524,-1932,-1833,-771,-576
"196",36005025600,2,"Bronx",2025600,2037862.63605,4023,3288,4018,3304,4220,3235,3949,3411,-538,-985,-714,-735
"197",36005025700,2,"Bronx",2025700,1670305.51985,4820,4086,4371,3983,4959,3623,4547,3484,-1063,-1336,-388,-734
"198",36005026100,2,"Bronx",2026100,1883343.86969,6205,4664,6240,4693,6226,4592,6174,4353,-1821,-1634,-1547,-1541
"199",36005026300,2,"Bronx",2026300,1717293.0277,6563,5715,6955,6119,7955,5919,7868,5604,-2264,-2036,-836,-848
"200",36005026400,2,"Bronx",2026400,4598804.12648,10499,10635,10656,10859,11896,11130,11843,11421,-422,-766,203,136
"201",36005026500,2,"Bronx",2026500,2173748.32064,8177,6876,8444,7790,9694,7294,9595,7096,-2499,-2400,-654,-1301
"202",36005026601,2,"Bronx",2026601,1832956.28937,5744,5392,5730,5337,6544,5641,6453,5647,-806,-903,-393,-352
"203",36005026602,2,"Bronx",2026602,3269676.92718,12544,12080,12810,12191,14489,13018,14183,13491,-692,-1471,-619,-464
"204",36005026701,2,"Bronx",2026701,742841.59105,3916,3372,4109,3766,4853,3804,4449,3626,-823,-1049,-343,-544
"205",36005026702,2,"Bronx",2026702,1819284.86075,5401,4971,5685,5607,6400,5156,6064,4765,-1299,-1244,-78,-430
"206",36005026900,2,"Bronx",2026900,4241425.30864,7988,7086,7595,7233,8651,7228,8109,6792,-1317,-1423,-362,-902
"207",36005027300,2,"Bronx",2027300,2183729.10056,5326,5158,5669,5599,6793,5965,6438,5724,-714,-828,-70,-168
"208",36005027401,2,"Bronx",2027401,7554415.66522,13386,12074,13207,13054,13785,14425,13706,14824,1118,640,-153,-1312
"209",36005027402,2,"Bronx",2027402,5709854.35904,8648,9662,8579,9954,10082,10468,9806,9925,119,386,1375,1014
"210",36005027600,2,"Bronx",2027600,19952523.1266,6857,6568,6877,6652,7282,7730,6139,6537,398,448,-225,-289
"211",36005027700,2,"Bronx",2027700,1880099.22252,5665,5442,5371,5566,5988,5718,5728,5194,-534,-270,195,-223
"212",36005027900,2,"Bronx",2027900,2954297.70687,8126,7428,8064,7929,8826,7757,8575,7010,-1565,-1069,-135,-698
"213",36005028100,2,"Bronx",2028100,1389185.87012,4222,3532,4322,3877,4826,4096,4587,4029,-558,-730,-445,-690
"214",36005028300,2,"Bronx",2028300,2465441.39133,18733,18358,17781,18360,19233,18614,18715,17018,-1697,-619,579,-375
"215",36005028400,2,"Bronx",2028400,12189973.6406,25115,19876,24886,20281,25575,21899,26178,22475,-3703,-3676,-4605,-5239
"216",36005028500,2,"Bronx",2028500,2824771.00948,10994,12092,9782,11027,10145,11697,11018,10740,-278,1552,1245,1098
"217",36005028600,2,"Bronx",2028600,2152041.66645,7924,5440,7774,5350,7305,6065,7329,5979,-1350,-1240,-2424,-2484
"218",36005028700,2,"Bronx",2028700,1670599.13867,5117,4447,4744,4345,5407,4836,5459,4399,-1060,-571,-399,-670
"219",36005028800,2,"Bronx",2028800,3616695.33143,8275,8622,7588,8495,8002,9347,7396,9280,1884,1345,907,347
"220",36005028900,2,"Bronx",2028900,2069419.17674,11272,10716,11085,10298,12810,10814,12873,10024,-2849,-1996,-787,-556
"221",36005029301,2,"Bronx",2029301,2678153.33575,2509,1609,2595,1590,2800,1951,2788,1925,-863,-849,-1005,-900
"222",36005029302,2,"Bronx",2029302,4681314.66874,6472,4924,6549,5199,7649,5877,8181,5521,-2660,-1772,-1350,-1548
"223",36005029500,2,"Bronx",2029500,2525167.21207,7962,7276,7762,6633,8154,7313,8074,7820,-254,-841,-1129,-686
"224",36005029600,2,"Bronx",2029600,7667278.34206,18015,17117,18985,16681,18261,18462,18936,18845,-91,201,-2304,-898
"225",36005029700,2,"Bronx",2029700,2506272.90683,6352,5639,6336,5520,6888,6151,7061,6560,-501,-737,-816,-713
"226",36005030000,2,"Bronx",2030000,4490156.79838,14459,12593,14098,12618,14983,14210,14800,14226,-574,-773,-1480,-1866
"227",36005030100,2,"Bronx",2030100,1583340.30656,1699,1923,1842,1547,2057,1762,2038,1656,-382,-295,-295,224
"228",36005030201,2,"Bronx",2030201,2389721.12805,5350,4282,5586,4118,5421,4187,5204,3808,-1396,-1234,-1468,-1068
"229",36005030202,2,"Bronx",2030202,3349142.35976,6410,3937,6912,4171,6461,4154,5994,3858,-2136,-2307,-2741,-2473
"230",36005030701,2,"Bronx",2030701,4267734.14921,5878,6223,5726,5873,5978,7683,6465,7833,1368,1705,147,345
"231",36005030900,2,"Bronx",2030900,13704916.7062,5936,4662,5825,4745,6846,6144,8415,7419,-996,-702,-1080,-1274
"232",36005031000,2,"Bronx",2031000,6884023.287,17374,14613,17905,14529,18238,15077,17448,15534,-1914,-3161,-3376,-2761
"233",36005031200,2,"Bronx",2031200,2175833.89313,5274,4577,5300,4771,5403,5322,5205,5008,-197,-81,-529,-697
"234",36005031400,2,"Bronx",2031400,2272270.80623,3214,3103,3416,3519,3354,3830,3337,3950,613,476,103,-111
"235",36005031600,2,"Bronx",2031600,1906941.28789,3816,3175,3659,3291,3450,3261,3294,3491,197,-189,-368,-641
"236",36005031800,2,"Bronx",2031800,1919429.46858,2821,3589,2811,4305,2736,3886,2749,3419,670,1150,1494,768
"237",36005031900,2,"Bronx",2031900,2381338.39388,1524,969,1078,1080,1428,1090,2116,1163,-953,-338,2,-555
"238",36005032300,2,"Bronx",2032300,6019623.37936,7650,5035,8294,4999,9551,7328,10996,7658,-3338,-2223,-3295,-2615
"239",36005032400,2,"Bronx",2032400,2875893.39038,5221,5551,4916,5868,6066,7081,6724,6819,95,1015,952,330
"240",36005032600,2,"Bronx",2032600,3578517.87044,7399,8816,7485,8727,7898,8527,7218,8201,983,629,1242,1417
"241",36005032800,2,"Bronx",2032800,2202647.73876,6855,7643,6530,7716,6472,8643,6257,8223,1966,2171,1186,788
"242",36005033000,2,"Bronx",2033000,2218401.12011,12191,11979,12095,12186,12602,12754,11902,13087,1185,152,91,-212
"243",36005033201,2,"Bronx",2033201,1224202.5353,5550,5321,4942,5474,5409,5498,5375,5155,-220,89,532,-229
"244",36005033202,2,"Bronx",2033202,1231532.66549,6390,4778,5894,5330,6221,5029,5976,4936,-1040,-1192,-564,-1612
"245",36005033400,2,"Bronx",2033400,33461137.7229,24633,21157,21736,23833,23713,20025,22830,19046,-3784,-3688,2097,-3476
"246",36005033500,2,"Bronx",2033500,7482812.26798,3982,3914,3869,2975,4898,4444,6625,5332,-1293,-454,-894,-68
"247",36005033601,2,"Bronx",2033601,1377962.87896,6683,5165,6356,5947,6926,5480,6541,5320,-1221,-1446,-409,-1518
"248",36005033602,2,"Bronx",2033602,607275.514732,2360,1805,2342,1614,2205,1764,2230,1762,-468,-441,-728,-555
"249",36005033700,2,"Bronx",2033700,4629811.10517,5498,4098,5189,4169,5677,5235,5902,5444,-458,-442,-1020,-1400
"250",36005033801,2,"Bronx",2033801,1231399.34598,4377,3907,4112,3927,4053,3938,4027,4201,174,-115,-185,-470
"251",36005033802,2,"Bronx",2033802,505775.59302,2507,2414,2401,2283,2271,2311,2207,2250,43,40,-118,-93
"252",36005034000,2,"Bronx",2034000,1704073.2467,6873,5585,7088,6056,7256,6218,6374,5543,-831,-1038,-1032,-1288
"253",36005034200,2,"Bronx",2034200,1687802.78916,5452,4169,5157,4317,5140,4942,4894,4990,96,-198,-840,-1283
"254",36005034300,2,"Bronx",2034300,1318002.88206,1916,2152,2059,2580,2127,2757,2192,2638,446,630,521,236
"255",36005034400,2,"Bronx",2034400,1690333.11523,3989,3216,3784,3426,3785,3794,3629,3675,46,9,-358,-773
"256",36005034500,2,"Bronx",2034500,2966149.40509,5071,3903,5539,4239,5675,5004,5569,4811,-758,-671,-1300,-1168
"257",36005034800,2,"Bronx",2034800,4713702.79714,12782,10935,12259,11273,12242,11732,11607,11995,388,-510,-986,-1847
"258",36005035000,2,"Bronx",2035000,2066395.84271,5277,3572,5076,4123,5329,4033,4806,3944,-862,-1296,-953,-1705
"259",36005035100,2,"Bronx",2035100,6238606.75493,8579,7558,7334,5026,8728,8176,13093,12317,-776,-552,-2308,-1021
"260",36005035600,2,"Bronx",2035600,4342980.05978,6906,5569,6914,5864,6919,5857,6725,5707,-1018,-1062,-1050,-1337
"261",36005035800,2,"Bronx",2035800,7018832.063,13999,10148,13930,11336,13905,11865,11832,11719,-113,-2040,-2594,-3851
"262",36005035900,2,"Bronx",2035900,1451682.06678,5165,4289,5180,4598,5832,4239,5641,4280,-1361,-1593,-582,-876
"263",36005036000,2,"Bronx",2036000,2857374.89969,4908,4418,4825,4455,5130,4656,4842,4441,-401,-474,-370,-490
"264",36005036100,2,"Bronx",2036100,1767528.56286,7153,6673,7291,6765,8195,6190,8037,6306,-1731,-2005,-526,-480
"265",36005036300,2,"Bronx",2036300,2378745.48494,8273,7629,8345,7904,9542,7587,9554,7322,-2232,-1955,-441,-644
"266",36005036400,2,"Bronx",2036400,2191494.05488,6969,7068,6982,6759,6343,7448,5619,7189,1570,1105,-223,99
"267",36005036501,2,"Bronx",2036501,1034842.66867,4679,4075,4911,4155,5297,4147,5126,4212,-914,-1150,-756,-604
"268",36005036502,2,"Bronx",2036502,1050346.61063,3235,2488,3393,2652,3769,2690,3740,2598,-1142,-1079,-741,-747
"269",36005036700,2,"Bronx",2036700,1005438.09348,2245,2378,2461,2280,2285,2480,2447,2575,128,195,-181,133
"270",36005036800,2,"Bronx",2036800,1820227.83981,4628,4101,4745,4547,4823,4598,4425,4414,-11,-225,-198,-527
"271",36005036901,2,"Bronx",2036901,1067643.89548,3434,3062,3467,3325,3922,3192,4114,2744,-1370,-730,-142,-372
"272",36005036902,2,"Bronx",2036902,672873.247804,2364,1775,2258,1880,2603,1918,2446,1810,-636,-685,-378,-589
"273",36005037000,2,"Bronx",2037000,1709084.31164,3446,2953,3497,2937,3355,2868,3404,2508,-896,-487,-560,-493
"274",36005037100,2,"Bronx",2037100,2128494.65206,5287,4851,5814,5734,6882,5308,6747,4877,-1870,-1574,-80,-436
"275",36005037200,2,"Bronx",2037200,2008935.33205,4074,4300,4080,3941,4559,4029,4245,4025,-220,-530,-139,226
"276",36005037300,2,"Bronx",2037300,1864495.10892,6703,5324,6846,6350,7843,5857,7822,5435,-2387,-1986,-496,-1379
"277",36005037400,2,"Bronx",2037400,1799978.22951,8066,7870,8368,7856,8313,7599,7873,7241,-632,-714,-512,-196
"278",36005037504,2,"Bronx",2037504,2586046.37956,9920,7405,9836,8539,10766,8060,10267,7906,-2361,-2706,-1297,-2515
"279",36005037600,2,"Bronx",2037600,1341410.75939,2779,2184,2682,2205,2775,2154,2476,2019,-457,-621,-477,-595
"280",36005037800,2,"Bronx",2037800,1433329.66895,7852,6523,8071,6924,8018,6884,7777,6741,-1036,-1134,-1147,-1329
"281",36005037900,2,"Bronx",2037900,2063169.90086,8280,7348,8663,8844,9723,7934,9623,7697,-1926,-1789,181,-932
"282",36005038000,2,"Bronx",2038000,2283171.54629,9419,8608,9233,9420,9233,9021,8526,8831,305,-212,187,-811
"283",36005038100,2,"Bronx",2038100,1623054.77207,5478,4379,5642,5630,6135,4438,6083,4079,-2004,-1697,-12,-1099
"284",36005038200,2,"Bronx",2038200,1704010.21357,3306,3406,3218,3484,3463,3413,3065,3715,650,-50,266,100
"285",36005038301,2,"Bronx",2038301,1030540.55463,5364,4705,5677,5477,6040,5368,5312,5520,208,-672,-200,-659
"286",36005038303,2,"Bronx",2038303,809976.795346,3490,3323,3576,3917,3873,3604,3786,3786,0,-269,341,-167
"287",36005038304,2,"Bronx",2038304,753195.067669,4313,4251,4446,4777,4352,4872,4258,4336,78,520,331,-62
"288",36005038500,2,"Bronx",2038500,2050957.40034,9899,9576,9313,10806,8974,10092,8733,9583,850,1118,1493,-323
"289",36005038600,2,"Bronx",2038600,4405922.47388,12449,11101,13157,10998,12360,11715,10901,11270,369,-645,-2159,-1348
"290",36005038700,2,"Bronx",2038700,1971794.59725,10308,8415,9708,8425,10652,9263,10994,9023,-1971,-1389,-1283,-1893
"291",36005038800,2,"Bronx",2038800,1593876.13533,3124,2587,2978,2729,3010,2807,2445,2852,407,-203,-249,-537
"292",36005038900,2,"Bronx",2038900,1846409.31746,10392,9623,9866,10114,10629,10548,10917,10752,-165,-81,248,-769
"293",36005039000,2,"Bronx",2039000,1959260.15187,5899,4651,5837,4504,6111,5241,5617,4906,-711,-870,-1333,-1248
"294",36005039100,2,"Bronx",2039100,2213716.11213,11538,10539,11049,11763,12053,11820,12086,11665,-421,-233,714,-999
"295",36005039200,2,"Bronx",2039200,1035615.77691,3331,3248,3229,3561,3170,3578,2883,3751,868,408,332,-83
"296",36005039300,2,"Bronx",2039300,1963927.15204,10222,8258,10748,8700,11569,8052,11589,8015,-3574,-3517,-2048,-1964
"297",36005039400,2,"Bronx",2039400,1560974.45975,6141,5133,6155,4977,6135,4668,5633,4819,-814,-1467,-1178,-1008
"298",36005039500,2,"Bronx",2039500,4416473.06004,11608,9556,12684,10913,13359,10065,12601,9725,-2876,-3294,-1771,-2052
"299",36005039600,2,"Bronx",2039600,2402726.56526,7115,6207,7146,5983,7500,6291,6493,6624,131,-1209,-1163,-908
"300",36005039700,2,"Bronx",2039700,5593958.09026,20136,19164,16750,14123,15921,13863,19540,17780,-1760,-2058,-2627,-972
"301",36005039800,2,"Bronx",2039800,2172955.40748,4684,4955,4760,4767,4764,4521,4079,4334,255,-243,7,271
"302",36005039901,2,"Bronx",2039901,1637824.88985,11401,9392,11056,10496,11557,10477,11365,9801,-1564,-1080,-560,-2009
"303",36005039902,2,"Bronx",2039902,1309646.41462,8835,7332,8419,7574,9419,8026,8700,7517,-1183,-1393,-845,-1503
"304",36005040100,2,"Bronx",2040100,1841946.02301,10275,8227,11090,9257,11376,8383,10819,7736,-3083,-2993,-1833,-2048
"305",36005040302,2,"Bronx",2040302,682700.658703,3731,3591,3792,4032,3980,3457,4129,3422,-707,-523,240,-140
"306",36005040303,2,"Bronx",2040303,949187.694016,3426,2981,3479,3411,3555,3696,3590,3525,-65,141,-68,-445
"307",36005040304,2,"Bronx",2040304,723328.345727,4848,4043,4889,4164,5422,4313,5257,3825,-1432,-1109,-725,-805
"308",36005040400,2,"Bronx",2040400,2316966.92051,5355,5575,5487,5677,5380,5818,5366,5662,296,438,190,220
"309",36005040501,2,"Bronx",2040501,873437.275815,3757,3997,3387,3924,3873,3829,3974,3829,-145,-44,537,240
"310",36005040502,2,"Bronx",2040502,1534114.73938,5796,4480,5408,4771,5733,4403,5755,3918,-1837,-1330,-637,-1316
"311",36005040600,2,"Bronx",2040600,2403938.30703,6917,5489,6863,5847,7111,5753,6884,6016,-868,-1358,-1016,-1428
"312",36005040701,2,"Bronx",2040701,630565.99885,3769,3063,3622,3257,3740,3136,3757,3031,-726,-604,-365,-706
"313",36005040702,2,"Bronx",2040702,1956959.06902,7771,7294,7344,7372,7688,7558,7761,7225,-536,-130,28,-477
"314",36005040800,2,"Bronx",2040800,1323605.76203,5442,4526,5348,4346,5701,4357,5503,4099,-1404,-1344,-1002,-916
"315",36005040900,2,"Bronx",2040900,12556714.866,12469,8944,11804,9123,17142,10488,20987,9915,-11072,-6654,-2681,-3525
"316",36005041100,2,"Bronx",2041100,1309721.18928,6748,5648,7039,5952,7631,5599,7377,5470,-1907,-2032,-1087,-1100
"317",36005041300,2,"Bronx",2041300,1865498.64158,8713,8413,8907,8830,9089,8594,8984,8801,-183,-495,-77,-300
"318",36005041400,2,"Bronx",2041400,5946470.20155,12670,10826,12292,10968,12440,10528,12167,10788,-1379,-1912,-1324,-1844
"319",36005041500,2,"Bronx",2041500,1471377.99111,5480,5299,5392,5542,5804,5352,5810,5193,-617,-452,150,-181
"320",36005041800,2,"Bronx",2041800,2930549.09925,9849,7782,9446,8105,9911,8312,9572,7942,-1630,-1599,-1341,-2067
"321",36005041900,2,"Bronx",2041900,3505470.6256,15111,11488,14243,12782,15052,12322,14298,11790,-2508,-2730,-1461,-3623
"322",36005042000,2,"Bronx",2042000,1615128.64938,10997,8151,10775,8598,11274,8701,10484,8802,-1682,-2573,-2177,-2846
"323",36005042100,2,"Bronx",2042100,2673341.97423,21786,17803,21727,17581,21624,18922,20860,17453,-3407,-2702,-4146,-3983
"324",36005042200,2,"Bronx",2042200,1884434.65354,7479,5473,7313,5861,7736,6279,6756,5937,-819,-1457,-1452,-2006
"325",36005042300,2,"Bronx",2042300,1939179.56685,5906,5640,5945,6087,6321,6603,5647,6243,596,282,142,-266
"326",36005042400,2,"Bronx",2042400,1882378.49136,5164,4223,4965,4491,5139,4544,4445,4406,-39,-595,-474,-941
"327",36005042500,2,"Bronx",2042500,3154915.50682,11450,11362,11837,11365,12437,10688,12104,10810,-1294,-1749,-472,-88
"328",36005042600,2,"Bronx",2042600,5473783.46736,12662,12044,12449,13665,12175,13862,11717,12675,958,1687,1216,-618
"329",36005042800,2,"Bronx",2042800,1821034.94913,4564,3964,4150,4306,4223,4103,4057,3987,-70,-120,156,-600
"330",36005042901,2,"Bronx",2042901,1105150.95351,3279,3381,3373,3396,3790,3329,3328,3009,-319,-461,23,102
"331",36005042902,2,"Bronx",2042902,1011498.96245,5008,5108,5001,5137,5240,5197,4724,4974,250,-43,136,100
"332",36005043000,2,"Bronx",2043000,2219376.10801,4963,3826,5144,4405,5014,4262,4749,3803,-946,-752,-739,-1137
"333",36005043101,2,"Bronx",2043101,1102962.88843,8344,6648,8408,6572,9079,6964,8797,6289,-2508,-2115,-1836,-1696
"334",36005043102,2,"Bronx",2043102,1228613.53806,7088,6192,7275,6507,7671,6523,7220,6089,-1131,-1148,-768,-896
"335",36005043400,2,"Bronx",2043400,3761013.02553,11937,10189,11196,10884,11913,10962,11278,10545,-733,-951,-312,-1748
"336",36005043501,2,"Bronx",2043501,4259155.97075,4375,3986,4562,4369,4890,4616,4392,4673,281,-274,-193,-389
"337",36005043502,2,"Bronx",2043502,17886378.5361,2476,2306,2430,2646,2568,2569,2493,2617,124,1,216,-170
"338",36005043503,2,"Bronx",2043503,50659357.0888,11572,11840,11360,11672,11550,13643,10525,12908,2383,2093,312,268
"339",36005043600,2,"Bronx",2043600,1679294.21467,3383,2959,3488,3258,3581,3201,3483,2938,-545,-380,-230,-424
"340",36005044200,2,"Bronx",2044200,2615882.21229,7291,6128,6823,6434,7354,6202,6758,6246,-512,-1152,-389,-1163
"341",36005044400,2,"Bronx",2044400,3923532.515,5803,5350,6376,6078,6881,6369,7008,6658,-350,-512,-298,-453
"342",36005044800,2,"Bronx",2044800,1817407.01558,2950,3350,3072,3513,2999,3005,2768,3148,380,6,441,400
"343",36005044901,2,"Bronx",2044901,1709948.11366,3436,2656,3001,2817,3271,2997,2992,3175,183,-274,-184,-780
"344",36005044902,2,"Bronx",2044902,1676407.58221,3781,3484,3386,3514,3837,3865,3682,3916,234,28,128,-297
"345",36005045101,2,"Bronx",2045101,1877554.83547,5006,4057,5055,3978,5158,4210,5050,4344,-706,-948,-1077,-949
"346",36005045102,2,"Bronx",2045102,2286399.98391,2858,2839,3011,2944,3446,2760,3419,2785,-634,-686,-67,-19
"347",36005045600,2,"Bronx",2045600,9450414.57424,8179,8278,8156,7897,8196,8104,7890,7939,49,-92,-259,99
"348",36005045800,2,"Bronx",2045800,2582516.45507,7304,6478,7327,6850,7110,6563,6687,5756,-931,-547,-477,-826
"349",36005046000,2,"Bronx",2046000,3096852.86321,6480,5760,6719,6125,7235,6669,7193,7831,638,-566,-594,-720
"350",36005046203,2,"Bronx",2046203,9658545.97623,17520,13728,17976,14490,17228,14023,16859,13799,-3060,-3205,-3486,-3792
"351",36005046204,2,"Bronx",2046204,1470909.08917,5700,3945,5465,4880,5532,4459,5716,4366,-1350,-1073,-585,-1755
"352",36005046205,2,"Bronx",2046205,9427018.585,49809,38754,48787,41281,52909,44609,48960,41792,-7168,-8300,-7506,-11055
"353",36005046206,2,"Bronx",2046206,769214.693673,2117,2037,2488,1880,2410,1810,2290,1703,-587,-600,-608,-80
"354",36005046207,2,"Bronx",2046207,1991108.85913,5827,4590,6217,4540,6315,4883,6328,5152,-1176,-1432,-1677,-1237
"355",36005046208,2,"Bronx",2046208,5212691.24435,13956,11878,13985,13113,14594,12891,13387,13198,-189,-1703,-872,-2078
"356",36005046209,2,"Bronx",2046209,5133432.5368,13376,11954,13612,12321,13962,12736,13575,12178,-1397,-1226,-1291,-1422
"357",36005048401,2,"Bronx",2048401,5439600.14117,11565,8124,11137,8733,12306,8700,11658,8304,-3354,-3606,-2404,-3441
"358",36005048402,2,"Bronx",2048402,2046789.96771,595,639,668,583,977,582,1101,642,-459,-395,-85,44
"359",36005050400,2,"Bronx",2050400,79303597.4545,7835,7649,9988,8230,8563,8819,6437,6891,454,256,-1758,-186
"360",36005051601,2,"Bronx",2051601,12452707.9042,4128,4087,4258,4108,4591,4560,4146,4331,185,-31,-150,-41
"361",36005051602,2,"Bronx",2051602,4905129.20093,3,NA,3,8,5,NA,1,NA,NA,NA,5,NA
"362",36047000100,3,"Brooklyn",3000100,2224101.04987,9431,7549,9608,7988,10373,7488,10144,7446,-2698,-2885,-1620,-1882
"363",36047000200,3,"Brooklyn",3000200,2952085.24731,17787,17314,18192,16380,18101,17332,17265,17124,-141,-769,-1812,-473
"364",36047000301,3,"Brooklyn",3000301,2164337.28426,4974,4210,4711,4215,5183,4985,4803,4714,-89,-198,-496,-764
"365",36047000501,3,"Brooklyn",3000501,901507.030199,3929,3071,3634,2706,3993,3040,4277,3238,-1039,-953,-928,-858
"366",36047000502,3,"Brooklyn",3000502,1041529.09064,4417,2860,4502,3021,5029,3382,5361,3412,-1949,-1647,-1481,-1557
"367",36047000700,3,"Brooklyn",3000700,1881577.5897,5883,4596,5269,4874,6047,5472,6022,5535,-487,-575,-395,-1287
"368",36047000900,3,"Brooklyn",3000900,1769269.50617,18120,11298,17926,11845,18305,11507,20061,11118,-8943,-6798,-6081,-6822
"369",36047001100,3,"Brooklyn",3001100,1811205.70989,30275,15258,29741,15825,31266,14661,34400,13140,-21260,-16605,-13916,-15017
"370",36047001300,3,"Brooklyn",3001300,3167176.0668,13462,11942,12850,13092,13516,11271,15040,10480,-4560,-2245,242,-1520
"371",36047001501,3,"Brooklyn",3001501,1776325.06511,10889,10340,11106,10804,11506,9925,10726,9565,-1161,-1581,-302,-549
"372",36047001502,3,"Brooklyn",3001502,1520130.88513,22140,13753,20200,13774,21816,13189,22022,12620,-9402,-8627,-6426,-8387
"373",36047001801,3,"Brooklyn",3001801,5139571.27951,11735,11907,11468,11024,10689,12318,11096,12614,1518,1629,-444,172
"374",36047001802,3,"Brooklyn",3001802,6395102.65078,9468,10342,9461,10155,9454,10002,9392,10479,1087,548,694,874
"375",36047001803,3,"Brooklyn",3001803,6887216.97453,6712,7757,6752,7800,6801,8420,6948,7693,745,1619,1048,1045
"376",36047001804,3,"Brooklyn",3001804,3642808.85312,6835,5092,6510,5163,6481,5064,6220,4747,-1473,-1417,-1347,-1743
"377",36047002000,3,"Brooklyn",3002000,1620781.08441,4914,5299,4871,5085,4960,5045,5185,4843,-342,85,214,385
"378",36047002100,3,"Brooklyn",3002100,5707270.12542,26781,22477,27480,25315,29247,21413,26808,18703,-8105,-7834,-2165,-4304
"379",36047002200,3,"Brooklyn",3002200,3648873.74409,12896,12991,12229,13116,12835,13547,13033,13108,75,712,887,95
"380",36047002300,3,"Brooklyn",3002300,1961474.09876,6733,7288,5871,8879,5965,7327,6029,6523,494,1362,3008,555
"381",36047002901,3,"Brooklyn",3002901,1167631.2212,3889,3483,4111,3421,4015,3357,4212,3549,-663,-658,-690,-406
"382",36047003000,3,"Brooklyn",3003000,1185319.85698,2011,1991,2012,2333,2283,2428,2269,2242,-27,145,321,-20
"383",36047003101,3,"Brooklyn",3003101,1622624.7131,6918,5661,6676,5550,6844,5342,8111,5281,-2830,-1502,-1126,-1257
"384",36047003102,3,"Brooklyn",3003102,1467354.69176,1662,1261,1960,1366,1615,1405,1596,1334,-262,-210,-594,-401
"385",36047003300,3,"Brooklyn",3003300,1770404.99252,13484,9534,12267,8949,14385,9241,17943,8866,-9077,-5144,-3318,-3950
"386",36047003400,3,"Brooklyn",3003400,5196417.40596,7955,7316,8368,7495,10283,8737,12051,9842,-2209,-1546,-873,-639
"387",36047003500,3,"Brooklyn",3003500,1433175.22982,21734,14280,19929,14680,21204,15184,20763,14125,-6638,-6020,-5249,-7454
"388",36047003600,3,"Brooklyn",3003600,1348886.98573,3609,3006,3288,3171,3593,3200,3870,3056,-814,-393,-117,-603
"389",36047003700,3,"Brooklyn",3003700,1788976.49694,21609,13174,20307,13572,21766,12329,21365,11168,-10197,-9437,-6735,-8435
"390",36047003800,3,"Brooklyn",3003800,1367702.87353,2224,2102,2091,2430,2196,2855,2542,3185,643,659,339,-122
"391",36047003900,3,"Brooklyn",3003900,1681273.00436,8479,8036,7778,8100,8739,8751,9748,8776,-972,12,322,-443
"392",36047004100,3,"Brooklyn",3004100,1743811.53445,5845,4316,5963,4182,6232,4208,6118,3946,-2172,-2024,-1781,-1529
"393",36047004300,3,"Brooklyn",3004300,1774542.76845,8923,7036,9052,6662,9713,7484,9514,7334,-2180,-2229,-2390,-1887
"394",36047004400,3,"Brooklyn",3004400,4502927.98766,5989,6404,6336,6574,7273,8329,7966,8467,501,1056,238,415
"395",36047004500,3,"Brooklyn",3004500,1835597.21002,4660,3627,4567,3529,5189,4086,5548,4225,-1323,-1103,-1038,-1033
"396",36047004600,3,"Brooklyn",3004600,3099351.47781,4532,4820,4987,5289,7409,7262,10232,7227,-3005,-147,302,288
"397",36047004700,3,"Brooklyn",3004700,2928274.58373,3269,3324,3264,3306,3489,3413,3356,3351,-5,-76,42,55
"398",36047004900,3,"Brooklyn",3004900,1051010.62962,2102,2195,2286,2240,2334,2325,2580,2311,-269,-9,-46,93
"399",36047005000,3,"Brooklyn",3005000,2388874.41352,4156,5262,4285,5843,5197,6706,5276,6874,1598,1509,1558,1106
"400",36047005100,3,"Brooklyn",3005100,1969090.12915,4054,3419,4140,3511,4335,4237,4209,4222,13,-98,-629,-635
"401",36047005201,3,"Brooklyn",3005201,1451018.35218,2440,2717,2536,2862,2886,3169,2983,3202,219,283,326,277
"402",36047005202,3,"Brooklyn",3005202,1398134.52147,2521,2110,2766,2416,2927,2455,2834,2496,-338,-472,-350,-411
"403",36047005301,3,"Brooklyn",3005301,6104697.22366,13121,10680,12554,10554,12243,11043,12566,10943,-1623,-1200,-2000,-2441
"404",36047005302,3,"Brooklyn",3005302,8312250.02999,8186,7554,8310,7405,7832,7541,7566,7260,-306,-291,-905,-632
"405",36047005303,3,"Brooklyn",3005303,3311574.24048,1075,952,2154,1508,1151,1162,1214,1054,-160,11,-646,-123
"406",36047005400,3,"Brooklyn",3005400,1740560.85604,6138,5499,6149,6095,6566,6328,6831,6231,-600,-238,-54,-639
"407",36047005601,3,"Brooklyn",3005601,1855118.20589,3888,3148,3809,3342,4587,4124,4826,4367,-459,-463,-467,-740
"408",36047005602,3,"Brooklyn",3005602,1436854.8796,4130,3612,4368,3649,4949,4404,5747,4999,-748,-545,-719,-518
"409",36047005800,3,"Brooklyn",3005800,2080303.31251,13662,12129,13438,12658,14284,14752,14680,14670,-10,468,-780,-1533
"410",36047005900,3,"Brooklyn",3005900,3843225.68258,7333,6669,7361,6567,6952,7068,7246,6589,-657,116,-794,-664
"411",36047006000,3,"Brooklyn",3006000,1639073.87013,9334,8603,9235,8871,9697,10315,10051,9687,-364,618,-364,-731
"412",36047006200,3,"Brooklyn",3006200,1746843.29951,6920,6265,6767,6435,7545,7354,8095,7726,-369,-191,-332,-655
"413",36047006300,3,"Brooklyn",3006300,1081285.37532,2577,2508,2717,2377,3510,2683,3988,2792,-1196,-827,-340,-69
"414",36047006400,3,"Brooklyn",3006400,2186814.85606,7342,6517,7390,6945,8346,7374,8662,7266,-1396,-972,-445,-825
"415",36047006500,3,"Brooklyn",3006500,2678036.34305,6355,5093,6522,5196,7267,6250,7288,6018,-1270,-1017,-1326,-1262
"416",36047006600,3,"Brooklyn",3006600,1653273.18329,7600,6896,7247,7471,8635,7309,8520,7404,-1116,-1326,224,-704
"417",36047006700,3,"Brooklyn",3006700,1680804.25047,3127,2614,3304,2541,3608,2981,3575,3028,-547,-627,-763,-513
"418",36047006800,3,"Brooklyn",3006800,1996655.76244,11608,8385,10887,9203,12366,10063,12989,9666,-3323,-2303,-1684,-3223
"419",36047006901,3,"Brooklyn",3006901,801476.27677,3226,2566,3206,2652,3731,2519,3743,2439,-1304,-1212,-554,-660
"420",36047006902,3,"Brooklyn",3006902,1126489.7066,3161,3013,3308,3049,3982,3065,4279,3040,-1239,-917,-259,-148
"421",36047007000,3,"Brooklyn",3007000,1588000.48109,3901,4101,3699,4114,4390,4710,4543,4509,-34,320,415,200
"422",36047007100,3,"Brooklyn",3007100,1840524.26206,3481,3299,3317,3529,3604,3346,3538,3074,-464,-258,212,-182
"423",36047007200,3,"Brooklyn",3007200,664162.790549,2304,2051,1981,2192,2109,2274,2105,2155,50,165,211,-253
"424",36047007400,3,"Brooklyn",3007400,1545780.63257,7561,6680,7601,7090,8376,6738,8517,6476,-2041,-1638,-511,-881
"425",36047007500,3,"Brooklyn",3007500,3052490.56786,6763,5330,6547,5593,7335,6028,7298,6056,-1242,-1307,-954,-1433
"426",36047007600,3,"Brooklyn",3007600,1510401.70984,6237,5260,6430,5429,7064,5496,7045,5074,-1971,-1568,-1001,-977
"427",36047007700,3,"Brooklyn",3007700,4166505.20618,8532,6913,8925,7329,10150,8229,9926,7693,-2233,-1921,-1596,-1619
"428",36047007800,3,"Brooklyn",3007800,1509791.99728,6741,5491,6814,5883,7316,5641,7059,5305,-1754,-1675,-931,-1250
"429",36047008000,3,"Brooklyn",3008000,1506326.40368,6409,5322,6870,5500,7030,5735,6897,5665,-1232,-1295,-1370,-1087
"430",36047008200,3,"Brooklyn",3008200,1517026.15149,5329,4148,5246,4122,5635,4652,5680,4482,-1198,-983,-1124,-1181
"431",36047008400,3,"Brooklyn",3008400,2650333.41121,13986,10659,14484,10971,15276,11307,15147,10859,-4288,-3969,-3513,-3327
"432",36047008500,3,"Brooklyn",3008500,2624917.63267,6658,6399,6645,6356,6409,6283,6342,5664,-678,-126,-289,-259
"433",36047008600,3,"Brooklyn",3008600,1221917.02418,2100,1959,2399,2160,2173,1850,1580,1589,9,-323,-239,-141
"434",36047008800,3,"Brooklyn",3008800,2019986.01822,4144,3837,4178,3613,4147,3858,4143,3717,-426,-289,-565,-307
"435",36047009001,3,"Brooklyn",3009001,825062.36507,1538,1708,1752,1726,1848,1418,1930,1260,-670,-430,-26,170
"436",36047009002,3,"Brooklyn",3009002,806084.654482,2689,2265,2457,2351,2736,2513,2585,2293,-292,-223,-106,-424
"437",36047009201,3,"Brooklyn",3009201,608662.366151,1679,1281,1813,1446,1788,1361,1728,1426,-302,-427,-367,-398
"438",36047009202,3,"Brooklyn",3009202,610211.621588,2626,2598,2531,2557,2713,2482,2504,2364,-140,-231,26,-28
"439",36047009401,3,"Brooklyn",3009401,812257.428121,2145,1424,2172,1473,2305,1562,2356,1415,-941,-743,-699,-721
"440",36047009402,3,"Brooklyn",3009402,813343.44364,2380,2385,2454,2200,2274,2254,2211,2166,-45,-20,-254,5
"441",36047009600,3,"Brooklyn",3009600,1622766.58577,4763,3850,4835,3858,4879,3669,4761,3643,-1118,-1210,-977,-913
"442",36047009800,3,"Brooklyn",3009800,1625498.58162,6011,4669,5962,4702,6265,4633,6239,4638,-1601,-1632,-1260,-1342
"443",36047010000,3,"Brooklyn",3010000,1625060.60826,4439,4467,4377,4718,4755,4350,4634,4216,-418,-405,341,28
"444",36047010100,3,"Brooklyn",3010100,3393635.86739,11953,10107,11708,10540,12693,11321,12531,11360,-1171,-1372,-1168,-1846
"445",36047010200,3,"Brooklyn",3010200,1640687.8277,4513,3991,4151,4046,4674,4407,4584,4437,-147,-267,-105,-522
"446",36047010401,3,"Brooklyn",3010401,819191.311204,5341,4378,5095,4485,4800,4281,4615,4339,-276,-519,-610,-963
"447",36047010402,3,"Brooklyn",3010402,820199.587958,4161,4042,4016,4006,3866,3789,3792,3809,17,-77,-10,-119
"448",36047010601,3,"Brooklyn",3010601,811933.337491,3519,3845,3320,3848,3385,3656,3344,3494,150,271,528,326
"449",36047010602,3,"Brooklyn",3010602,812851.244089,3455,2893,3254,2938,3401,2702,3288,2788,-500,-699,-316,-562
"450",36047010801,3,"Brooklyn",3010801,812575.708114,2984,2392,2894,2344,3050,2226,3041,2386,-655,-824,-550,-592
"451",36047010802,3,"Brooklyn",3010802,812274.035213,2876,3167,2873,3369,2999,3071,3059,3141,82,72,496,291
"452",36047011000,3,"Brooklyn",3011000,1699056.6331,6169,5687,6347,5581,6414,5463,6173,5161,-1012,-951,-766,-482
"453",36047011200,3,"Brooklyn",3011200,1843970.96904,7264,6607,6913,6334,7401,6315,7338,6289,-1049,-1086,-579,-657
"454",36047011400,3,"Brooklyn",3011400,1806159.21424,14169,12034,14553,12397,13724,12485,13354,11893,-1461,-1239,-2156,-2135
"455",36047011600,3,"Brooklyn",3011600,1724997.62657,4714,3986,4881,4322,4791,4046,4769,3854,-915,-745,-559,-728
"456",36047011700,3,"Brooklyn",3011700,2163265.16317,5790,6370,5945,5942,6003,6248,5731,6049,318,245,-3,580
"457",36047011800,3,"Brooklyn",3011800,2357119.58953,11805,9160,11452,9261,11967,8789,11649,8757,-2892,-3178,-2191,-2645
"458",36047011901,3,"Brooklyn",3011901,5040710.77591,12716,10541,13356,10361,13450,11148,13315,10917,-2398,-2302,-2995,-2175
"459",36047011902,3,"Brooklyn",3011902,2648288.57578,4742,4297,4927,4348,5196,4865,5104,5048,-56,-331,-579,-445
"460",36047012000,3,"Brooklyn",3012000,2077497.58578,13800,12635,13128,12712,14458,12131,13510,12256,-1254,-2327,-416,-1165
"461",36047012100,3,"Brooklyn",3012100,1593259.29446,5480,4507,5223,4360,5610,4605,5586,4420,-1166,-1005,-863,-973
"462",36047012200,3,"Brooklyn",3012200,1951564.98028,5889,5149,5687,5411,6170,5219,6181,5153,-1028,-951,-276,-740
"463",36047012600,3,"Brooklyn",3012600,2553793.86824,5720,5523,5678,5866,5924,5602,6227,5492,-735,-322,188,-197
"464",36047012700,3,"Brooklyn",3012700,1759480.86175,5122,5385,5113,5948,5515,6676,5084,6293,1209,1161,835,263
"465",36047012801,3,"Brooklyn",3012801,1238338.62872,4100,3826,3850,3985,3756,3684,3371,3488,117,-72,135,-274
"466",36047012901,3,"Brooklyn",3012901,1390943.05244,10964,9038,9457,9401,11993,9372,11445,9630,-1815,-2621,-56,-1926
"467",36047012902,3,"Brooklyn",3012902,1461597.0243,11122,9213,8251,9458,10956,10632,8953,9482,529,-324,1207,-1909
"468",36047013000,3,"Brooklyn",3013000,1899181.50844,8957,6555,8569,7594,9141,6770,9988,6893,-3095,-2371,-975,-2402
"469",36047013100,3,"Brooklyn",3013100,1684555.97653,5116,5686,4767,5876,5443,6481,5370,6140,770,1038,1109,570
"470",36047013200,3,"Brooklyn",3013200,1676563.69222,3081,3287,3102,3366,3391,3634,3448,3764,316,243,264,206
"471",36047013300,3,"Brooklyn",3013300,1596011.12566,6273,6822,5721,7213,6600,6999,6246,7010,764,399,1492,549
"472",36047013400,3,"Brooklyn",3013400,2887190.06488,6742,6427,6512,7159,7630,7627,7674,7420,-254,-3,647,-315
"473",36047013500,3,"Brooklyn",3013500,1635300.95979,3740,4617,4015,4518,5146,5033,4901,4962,61,-113,503,877
"474",36047013600,3,"Brooklyn",3013600,2312743.10308,6801,6936,6435,7390,7020,7522,7109,7185,76,502,955,135
"475",36047013700,3,"Brooklyn",3013700,1638365.95586,6627,5666,6588,5677,7275,6157,6930,5847,-1083,-1118,-911,-961
"476",36047013800,3,"Brooklyn",3013800,1749765.03945,7592,7187,7517,7508,8344,8374,8193,8013,-180,30,-9,-405
"477",36047013900,3,"Brooklyn",3013900,1631336.71545,5713,5112,5708,5372,6138,5575,6041,5514,-527,-563,-336,-601
"478",36047014000,3,"Brooklyn",3014000,1578343.07483,4530,4113,4378,4122,4767,4434,4671,4661,-10,-333,-256,-417
"479",36047014101,3,"Brooklyn",3014101,816606.780876,2706,2526,2810,2643,2956,2579,2803,2684,-119,-377,-167,-180
"480",36047014102,3,"Brooklyn",3014102,970475.053764,2371,2349,2504,2515,2881,2741,2680,2743,63,-140,11,-22
"481",36047014200,3,"Brooklyn",3014200,2160045.41534,5760,5143,5475,5001,6186,5567,6383,5533,-850,-619,-474,-617
"482",36047014300,3,"Brooklyn",3014300,2335437.13513,7691,8069,7750,8375,9560,9299,8895,9549,654,-261,625,378
"483",36047014500,3,"Brooklyn",3014500,2317452.55355,7135,6117,6929,5974,7148,6720,7049,6206,-843,-428,-955,-1018
"484",36047014700,3,"Brooklyn",3014700,1142138.21394,2567,1782,2451,2064,3567,2598,3939,2538,-1401,-969,-387,-785
"485",36047014800,3,"Brooklyn",3014800,1437563.89245,4070,3917,3910,4166,4422,4848,4473,4803,330,426,256,-153
"486",36047014901,3,"Brooklyn",3014901,807279.670915,2249,1682,2071,1679,2359,1810,2396,1854,-542,-549,-392,-567
"487",36047014902,3,"Brooklyn",3014902,1877519.85371,3783,2697,3491,2797,3960,3309,4235,3383,-852,-651,-694,-1086
"488",36047015000,3,"Brooklyn",3015000,1436079.96576,4915,4930,4565,4765,5903,5753,5796,5891,95,-150,200,15
"489",36047015100,3,"Brooklyn",3015100,1607114.1849,5003,3929,4863,4100,5600,4435,5836,4827,-1009,-1165,-763,-1074
"490",36047015200,3,"Brooklyn",3015200,2884401.54298,5830,5125,6265,5813,6454,6386,7963,7190,-773,-68,-452,-705
"491",36047015300,3,"Brooklyn",3015300,1619490.17221,12110,12007,11786,12289,12553,13067,12087,12405,318,514,503,-103
"492",36047015400,3,"Brooklyn",3015400,9989377.44273,3952,3964,4016,4522,4499,4927,4285,5285,1000,428,506,12
"493",36047015500,3,"Brooklyn",3015500,1610814.62139,3876,4325,4028,4747,4919,5597,5185,5740,555,678,719,449
"494",36047015700,3,"Brooklyn",3015700,1802056.2438,5894,5748,5880,6104,6427,6570,6459,6963,504,143,224,-146
"495",36047015900,3,"Brooklyn",3015900,2699300.41947,9779,9960,9091,10223,10113,11344,10554,11462,908,1231,1132,181
"496",36047016000,3,"Brooklyn",3016000,2785263.97549,18165,13575,17646,13648,18637,15705,19298,15137,-4161,-2932,-3998,-4590
"497",36047016100,3,"Brooklyn",3016100,1964156.72047,7448,7024,6787,6871,7579,6804,7399,6886,-513,-775,84,-424
"498",36047016200,3,"Brooklyn",3016200,2542366.48671,5016,4665,5053,4868,5574,5150,5550,5098,-452,-424,-185,-351
"499",36047016300,3,"Brooklyn",3016300,1980070.64592,5244,4470,4609,4918,4993,4238,4862,4023,-839,-755,309,-774
"500",36047016400,3,"Brooklyn",3016400,8464620.16133,8355,6669,8715,7055,8029,6476,7747,5938,-1809,-1553,-1660,-1686
"501",36047016500,3,"Brooklyn",3016500,2010390.7654,5013,4993,4858,5286,5565,6060,5442,6578,1136,495,428,-20
"502",36047016600,3,"Brooklyn",3016600,2873519.88683,5964,4628,5532,5053,7459,6104,7929,6645,-1284,-1355,-479,-1336
"503",36047016700,3,"Brooklyn",3016700,1818135.60176,4124,4040,4150,4190,5423,4999,5055,4598,-457,-424,40,-84
"504",36047016800,3,"Brooklyn",3016800,1792404.54133,3802,3361,3919,3663,4050,3892,4147,3700,-447,-158,-256,-441
"505",36047016900,3,"Brooklyn",3016900,2257354.42508,7524,6763,7780,6950,8350,7924,8111,7591,-520,-426,-830,-761
"506",36047017000,3,"Brooklyn",3017000,2249706.66397,8349,7501,8374,7323,9408,7857,9412,7792,-1620,-1551,-1051,-848
"507",36047017100,3,"Brooklyn",3017100,2247115.24942,4557,4212,4473,4648,5074,5636,4913,5739,826,562,175,-345
"508",36047017200,3,"Brooklyn",3017200,2216345.8538,7894,7405,7872,7385,8758,7977,8495,8074,-421,-781,-487,-489
"509",36047017400,3,"Brooklyn",3017400,1773747.67211,3985,3649,3818,3679,4196,4052,3652,3551,-101,-144,-139,-336
"510",36047017500,3,"Brooklyn",3017500,21101598.4048,2550,2818,2437,2833,2641,3162,2702,3378,676,521,396,268
"511",36047017600,3,"Brooklyn",3017600,1436936.86997,3750,3416,3697,3272,3809,3227,3659,3555,-104,-582,-425,-334
"512",36047017700,3,"Brooklyn",3017700,27324218.9586,20589,19137,20683,20201,25262,21673,21969,22179,210,-3589,-482,-1452
"513",36047017800,3,"Brooklyn",3017800,1765215.17414,8988,7868,9181,7916,9996,7650,9754,7860,-1894,-2346,-1265,-1120
"514",36047017900,3,"Brooklyn",3017900,1705006.94734,5168,4074,4784,4586,4966,4216,4899,3875,-1024,-750,-198,-1094
"515",36047018000,3,"Brooklyn",3018000,1896108.68581,6211,5106,6292,5399,7268,6015,7178,5914,-1264,-1253,-893,-1105
"516",36047018100,3,"Brooklyn",3018100,1823380.15384,4850,3498,4751,3995,5214,4100,5333,3914,-1419,-1114,-756,-1352
"517",36047018200,3,"Brooklyn",3018200,1781148.73514,6560,5484,7010,5818,7717,5334,8255,4865,-3390,-2383,-1192,-1076
"518",36047018300,3,"Brooklyn",3018300,1477789.70284,3668,2994,3684,3160,4150,3252,4023,3271,-752,-898,-524,-674
"519",36047018400,3,"Brooklyn",3018400,1609239.65823,3717,3444,3516,3601,4162,3945,4206,3829,-377,-217,85,-273
"520",36047018501,3,"Brooklyn",3018501,1189362.19719,4049,4315,3919,4286,4137,3467,3844,3413,-431,-670,367,266
"521",36047018600,3,"Brooklyn",3018600,1216850.47984,3247,3120,3267,3219,3573,3350,3567,3062,-505,-223,-48,-127
"522",36047018700,3,"Brooklyn",3018700,917703.128426,2182,2029,2219,2182,2496,2109,2371,2015,-356,-387,-37,-153
"523",36047018800,3,"Brooklyn",3018800,1885932.4536,5609,5354,5647,5403,5952,5762,5531,5869,338,-190,-244,-255
"524",36047019000,3,"Brooklyn",3019000,2291793.8309,9484,8536,9587,8762,10788,9134,11198,9023,-2175,-1654,-825,-948
"525",36047019100,3,"Brooklyn",3019100,2721477.61463,7422,6645,7098,6707,7252,6337,7648,6348,-1300,-915,-391,-777
"526",36047019200,3,"Brooklyn",3019200,2042874.53933,6985,5870,7014,5665,6775,6077,7163,5558,-1605,-698,-1349,-1115
"527",36047019300,3,"Brooklyn",3019300,2903179.02506,8400,6050,7538,5228,7527,5075,8235,4613,-3622,-2452,-2310,-2350
"528",36047019400,3,"Brooklyn",3019400,1920211.75553,6971,6851,6804,6979,8063,7258,7778,6901,-877,-805,175,-120
"529",36047019500,3,"Brooklyn",3019500,1475082.67196,4091,2818,3770,2908,3934,2668,4138,2676,-1462,-1266,-862,-1273
"530",36047019600,3,"Brooklyn",3019600,2027285.95123,7667,7654,7338,8132,8134,8659,8206,8017,-189,525,794,-13
"531",36047019700,3,"Brooklyn",3019700,1828072.27507,4363,3308,4470,3020,4863,3131,5038,3128,-1910,-1732,-1450,-1055
"532",36047019800,3,"Brooklyn",3019800,1450201.56499,5011,4770,4770,5138,5137,5398,5229,5436,207,261,368,-241
"533",36047019900,3,"Brooklyn",3019900,2037876.58823,7737,6263,7161,6174,8161,6405,8143,5928,-2215,-1756,-987,-1474
"534",36047020000,3,"Brooklyn",3020000,1451580.1607,6691,6306,6838,6347,7050,7098,6952,6641,-311,48,-491,-385
"535",36047020100,3,"Brooklyn",3020100,1884866.87403,4806,4974,4733,4526,5077,4746,4959,5554,595,-331,-207,168
"536",36047020200,3,"Brooklyn",3020200,1451352.61667,3096,2817,2862,3039,3200,3179,3152,3254,102,-21,177,-279
"537",36047020300,3,"Brooklyn",3020300,1512111.18253,4426,4060,4055,4094,4513,4396,4238,4747,509,-117,39,-366
"538",36047020400,3,"Brooklyn",3020400,1450945.6393,3465,3034,3313,3442,3760,3659,3735,3573,-162,-101,129,-431
"539",36047020500,3,"Brooklyn",3020500,1718969.95323,4268,3421,3930,3879,4539,3655,4275,3766,-509,-884,-51,-847
"540",36047020600,3,"Brooklyn",3020600,1838035.23314,3514,3808,3827,3895,5123,4719,5665,4441,-1224,-404,68,294
"541",36047020700,3,"Brooklyn",3020700,1480427.21558,4510,3533,4158,3731,4690,3328,4667,3912,-755,-1362,-427,-977
"542",36047020800,3,"Brooklyn",3020800,1542689.0164,2534,3197,2597,3415,2851,3472,2939,3119,180,621,818,663
"543",36047021000,3,"Brooklyn",3021000,1614539.66215,3903,3318,3677,3190,3698,3351,3842,3369,-473,-347,-487,-585
"544",36047021100,3,"Brooklyn",3021100,2959763.10484,6788,4836,5661,5156,4995,4658,5621,4376,-1245,-337,-505,-1952
"545",36047021200,3,"Brooklyn",3021200,2054324.60509,6588,5157,6380,5909,7503,5819,7671,5885,-1786,-1684,-471,-1431
"546",36047021300,3,"Brooklyn",3021300,1978483.70642,6494,5724,6897,6103,7682,5447,8053,5428,-2625,-2235,-794,-770
"547",36047021400,3,"Brooklyn",3021400,1808036.30328,4325,4126,4198,4319,4644,4071,4448,4122,-326,-573,121,-199
"548",36047021500,3,"Brooklyn",3021500,1657679.5785,6064,4817,5703,5064,6071,4920,6294,5017,-1277,-1151,-639,-1247
"549",36047021600,3,"Brooklyn",3021600,1810243.95963,2281,2028,2635,1796,2573,2072,2892,2181,-711,-501,-839,-253
"550",36047021700,3,"Brooklyn",3021700,1285839.31023,5792,4052,5459,4315,5929,3565,5797,3943,-1854,-2364,-1144,-1740
"551",36047021800,3,"Brooklyn",3021800,1698857.11847,3685,3483,3570,3363,3755,3251,3930,3397,-533,-504,-207,-202
"552",36047021900,3,"Brooklyn",3021900,1582742.17788,6569,5839,6610,5574,6599,4705,6412,4835,-1577,-1894,-1036,-730
"553",36047022000,3,"Brooklyn",3022000,2091173.05084,7112,5782,7335,5338,7261,6077,7829,6033,-1796,-1184,-1997,-1330
"554",36047022100,3,"Brooklyn",3022100,1635894.76524,3735,3475,3632,3713,3914,3205,3650,3204,-446,-709,81,-260
"555",36047022200,3,"Brooklyn",3022200,1896474.10515,5420,4979,5476,4599,5878,4769,5990,4747,-1243,-1109,-877,-441
"556",36047022400,3,"Brooklyn",3022400,1890190.8085,4393,4123,4324,4252,4859,4624,4746,4424,-322,-235,-72,-270
"557",36047022600,3,"Brooklyn",3022600,1680920.33211,4602,4817,4715,4948,4868,5177,5184,4550,-634,309,233,215
"558",36047022700,3,"Brooklyn",3022700,2588318.213,7827,6566,7652,7202,8394,6319,8437,6762,-1675,-2075,-450,-1261
"559",36047022800,3,"Brooklyn",3022800,1801521.33959,4264,2908,4421,3163,4470,2872,4751,2705,-2046,-1598,-1258,-1356
"560",36047022900,3,"Brooklyn",3022900,1849568.34767,3471,3266,3515,3478,3699,3106,3636,3394,-242,-593,-37,-205
"561",36047023000,3,"Brooklyn",3023000,1624924.60816,2939,2723,3235,2914,3467,2689,3931,2733,-1198,-778,-321,-216
"562",36047023100,3,"Brooklyn",3023100,1716029.92241,2741,2776,2704,2727,2947,2663,2947,2780,-167,-284,23,35
"563",36047023200,3,"Brooklyn",3023200,2436821.2749,4431,3885,4713,3430,4989,3440,5449,3832,-1617,-1549,-1283,-546
"564",36047023300,3,"Brooklyn",3023300,1849442.00528,6369,4603,6115,4977,6793,4294,6755,4282,-2473,-2499,-1138,-1766
"565",36047023400,3,"Brooklyn",3023400,1827230.61429,2687,2443,2812,2335,3117,2234,3241,2447,-794,-883,-477,-244
"566",36047023500,3,"Brooklyn",3023500,1523725.91808,3498,2904,3622,2719,4460,2764,4578,2810,-1768,-1696,-903,-594
"567",36047023600,3,"Brooklyn",3023600,1828207.74701,4614,4148,4715,4598,4600,4509,5214,4186,-1028,-91,-117,-466
"568",36047023800,3,"Brooklyn",3023800,1828765.84098,4713,5003,4795,5215,5195,5057,5414,5316,-98,-138,420,290
"569",36047024000,3,"Brooklyn",3024000,1827206.31845,3502,3596,3742,3184,4267,3496,5060,3383,-1677,-771,-558,94
"570",36047024100,3,"Brooklyn",3024100,1939949.75729,6500,5293,6481,5610,6896,5213,6937,5240,-1697,-1683,-871,-1207
"571",36047024200,3,"Brooklyn",3024200,2061125.14282,4011,3845,4215,3468,4250,3350,4412,3328,-1084,-900,-747,-166
"572",36047024300,3,"Brooklyn",3024300,1661539.49831,4856,4603,4557,4773,5136,4319,5199,4220,-979,-817,216,-253
"573",36047024400,3,"Brooklyn",3024400,1670948.43724,3194,3998,3364,3920,3920,3861,4062,3804,-258,-59,556,804
"574",36047024500,3,"Brooklyn",3024500,1795931.7412,6082,4895,6011,5181,6508,4563,6241,4590,-1651,-1945,-830,-1187
"575",36047024600,3,"Brooklyn",3024600,1845582.72495,5294,4977,5822,5013,6415,5817,6407,5749,-658,-598,-809,-317
"576",36047024700,3,"Brooklyn",3024700,1934649.87447,10945,9812,10231,9253,10668,8982,10452,9212,-1240,-1686,-978,-1133
"577",36047024800,3,"Brooklyn",3024800,1895137.28951,7783,6423,7625,6222,7652,6455,7554,5987,-1567,-1197,-1403,-1360
"578",36047024900,3,"Brooklyn",3024900,1813352.57505,5402,4711,5175,5030,5835,4562,5930,4756,-1174,-1273,-145,-691
"579",36047025000,3,"Brooklyn",3025000,1867361.68495,5908,5081,5525,4951,6045,5481,6426,5348,-1078,-564,-574,-827
"580",36047025100,3,"Brooklyn",3025100,1490422.89598,4644,4380,4848,4664,4794,4463,4613,4484,-129,-331,-184,-264
"581",36047025200,3,"Brooklyn",3025200,1950979.16182,10924,9461,10963,9162,11021,9369,10537,9088,-1449,-1652,-1801,-1463
"582",36047025300,3,"Brooklyn",3025300,1741979.53604,4338,3298,4516,3380,4780,3091,4605,2898,-1707,-1689,-1136,-1040
"583",36047025400,3,"Brooklyn",3025400,1888611.69471,8702,7015,8564,6989,9255,6918,9280,7410,-1870,-2337,-1575,-1687
"584",36047025500,3,"Brooklyn",3025500,1492220.44066,5059,4454,4807,5059,5330,4541,5294,4353,-941,-789,252,-605
"585",36047025600,3,"Brooklyn",3025600,1868287.04815,7145,7211,6737,7576,7593,7221,7487,7540,53,-372,839,66
"586",36047025700,3,"Brooklyn",3025700,1949087.11535,5455,5270,5189,4420,5664,4075,6316,3819,-2497,-1589,-769,-185
"587",36047025800,3,"Brooklyn",3025800,1832115.44103,7825,6532,7705,6719,8988,7157,8655,6631,-2024,-1831,-986,-1293
"588",36047025901,3,"Brooklyn",3025901,863635.593412,3141,2155,3067,2149,3234,2364,3191,2185,-1006,-870,-918,-986
"589",36047025902,3,"Brooklyn",3025902,642013.985884,3041,3268,2769,3398,2891,2933,3162,2936,-226,42,629,227
"590",36047026000,3,"Brooklyn",3026000,1753286.06429,8591,9185,7430,7789,7883,7253,7608,7334,-274,-630,359,594
"591",36047026100,3,"Brooklyn",3026100,2146491.99548,6297,5964,6570,6336,6577,6226,6185,5791,-394,-351,-234,-333
"592",36047026200,3,"Brooklyn",3026200,1699502.94799,5232,4315,5228,4494,5909,4568,5464,4113,-1351,-1341,-734,-917
"593",36047026300,3,"Brooklyn",3026300,1287405.88491,4502,4523,4572,4911,4312,4910,4047,4426,379,598,339,21
"594",36047026400,3,"Brooklyn",3026400,2038976.3995,9445,8772,8908,8147,8983,7753,8952,7251,-1701,-1230,-761,-673
"595",36047026500,3,"Brooklyn",3026500,1718284.07002,4971,4916,4657,5404,4631,4579,4654,4467,-187,-52,747,-55
"596",36047026600,3,"Brooklyn",3026600,1785503.08501,6527,6084,6519,6036,6957,5700,6780,5292,-1488,-1257,-483,-443
"597",36047026700,3,"Brooklyn",3026700,1717368.23662,3923,3111,3679,3230,3913,3143,3892,3144,-748,-770,-449,-812
"598",36047026800,3,"Brooklyn",3026800,1926489.4289,6013,5804,6190,5848,6414,5894,6569,5709,-860,-520,-342,-209
"599",36047026900,3,"Brooklyn",3026900,1441848.6658,5217,4119,4864,4513,5439,4201,5425,4316,-1109,-1238,-351,-1098
"600",36047027000,3,"Brooklyn",3027000,1444005.62538,4998,5053,5362,5376,5579,5425,5880,5341,-539,-154,14,55
"601",36047027100,3,"Brooklyn",3027100,2660204.62183,8173,7040,7351,6725,8098,7039,8010,6310,-1700,-1059,-626,-1133
"602",36047027200,3,"Brooklyn",3027200,1422363.35022,4269,4440,4292,4594,4666,4684,4506,4478,-28,18,302,171
"603",36047027300,3,"Brooklyn",3027300,1611451.02047,4736,4439,4149,4781,5228,4496,5027,4439,-588,-732,632,-297
"604",36047027400,3,"Brooklyn",3027400,1758627.16094,6013,5823,5620,5887,5955,5543,5530,5461,-69,-412,267,-190
"605",36047027500,3,"Brooklyn",3027500,1743574.46279,3454,3122,3226,2989,3620,2761,3476,2939,-537,-859,-237,-332
"606",36047027600,3,"Brooklyn",3027600,1607864.54405,8403,9077,8417,8747,8806,8434,8661,8217,-444,-372,330,674
"607",36047027700,3,"Brooklyn",3027700,1745688.01555,4471,4021,4322,4241,4872,3959,4630,4107,-523,-913,-81,-450
"608",36047027800,3,"Brooklyn",3027800,1727742.16837,10124,9546,10446,9351,10885,10096,10753,9848,-905,-789,-1095,-578
"609",36047027900,3,"Brooklyn",3027900,1743088.08863,4573,3988,4695,4170,4875,4057,4460,4327,-133,-818,-525,-585
"610",36047028000,3,"Brooklyn",3028000,1494252.23922,4320,3902,4339,3873,4405,4007,4331,3820,-511,-398,-466,-418
"611",36047028100,3,"Brooklyn",3028100,1743468.24279,5880,6074,5525,5604,5833,5409,6038,5156,-882,-424,79,194
"612",36047028200,3,"Brooklyn",3028200,1811479.7295,6646,5327,6398,5522,7096,5612,7362,5480,-1882,-1484,-876,-1319
"613",36047028300,3,"Brooklyn",3028300,1311680.6668,4114,4399,3870,4398,4305,4288,4167,3927,-240,-17,528,285
"614",36047028400,3,"Brooklyn",3028400,1768012.15536,9737,8786,9394,8861,10815,9128,10827,9251,-1576,-1687,-533,-951
"615",36047028501,3,"Brooklyn",3028501,895739.649318,7177,6869,6892,6379,6594,6315,6414,5962,-452,-279,-513,-308
"616",36047028502,3,"Brooklyn",3028502,1290359.47557,3983,3480,3562,3432,3612,3559,3803,3267,-536,-53,-130,-503
"617",36047028600,3,"Brooklyn",3028600,1904932.72348,10497,8613,10779,8788,11083,9369,10519,9040,-1479,-1714,-1991,-1884
"618",36047028700,3,"Brooklyn",3028700,1601115.38739,8181,5831,7896,6097,7816,5543,7720,5209,-2511,-2273,-1799,-2350
"619",36047028800,3,"Brooklyn",3028800,1644934.14158,10553,10001,10643,10546,11963,10644,11806,10025,-1781,-1319,-97,-552
"620",36047028900,3,"Brooklyn",3028900,1784336.19679,6277,5095,5943,5512,6186,5361,5675,5162,-513,-825,-431,-1182
"621",36047029000,3,"Brooklyn",3029000,1665073.37954,10242,10423,10077,10547,11318,11037,11120,10800,-320,-281,470,181
"622",36047029100,3,"Brooklyn",3029100,1772059.56897,3947,3472,3948,3605,4481,3971,4107,3920,-187,-510,-343,-475
"623",36047029200,3,"Brooklyn",3029200,2215329.95451,7681,7991,7894,8373,8407,8789,7538,8565,1027,382,479,310
"624",36047029300,3,"Brooklyn",3029300,1770060.69258,4241,3747,4083,3212,4582,3361,4385,3371,-1014,-1221,-871,-494
"625",36047029400,3,"Brooklyn",3029400,2032099.54374,17333,19539,17154,19884,17789,21489,16136,20399,4263,3700,2730,2206
"626",36047029500,3,"Brooklyn",3029500,1771507.82944,3729,2980,3471,2916,3750,2776,3715,2630,-1085,-974,-555,-749
"627",36047029600,3,"Brooklyn",3029600,2300496.78771,13570,13190,13495,13050,14592,13610,14071,13923,-148,-982,-445,-380
"628",36047029700,3,"Brooklyn",3029700,2211871.3398,7755,5072,7721,5453,8642,5700,8686,5257,-3429,-2942,-2268,-2683
"629",36047029800,3,"Brooklyn",3029800,2379873.9598,11369,11198,11518,10900,12435,12232,12240,11623,-617,-203,-618,-171
"630",36047029900,3,"Brooklyn",3029900,1535625.10504,6035,6102,5739,6732,6310,5806,5849,5542,-307,-504,993,67
"631",36047030000,3,"Brooklyn",3030000,2099451.01068,9487,7983,10053,7849,10512,8542,10569,8547,-2022,-1970,-2204,-1504
"632",36047030100,3,"Brooklyn",3030100,2097829.09676,5812,5599,5762,5599,6878,5403,6950,5264,-1686,-1475,-163,-213
"633",36047030200,3,"Brooklyn",3030200,2273119.84545,5386,5020,5449,4891,5982,5523,6496,5610,-886,-459,-558,-366
"634",36047030300,3,"Brooklyn",3030300,2726302.16587,6448,6636,6628,7226,7651,6589,7080,6286,-794,-1062,598,188
"635",36047030400,3,"Brooklyn",3030400,5021019.7917,18203,18116,18753,19282,20275,20188,19674,18834,-840,-87,529,-87
"636",36047030500,3,"Brooklyn",3030500,3478044.43564,7798,7488,7668,7515,7860,7606,7916,7668,-248,-254,-153,-310
"637",36047030600,3,"Brooklyn",3030600,2084709.65299,3790,3423,4072,3213,4919,3915,5347,3755,-1592,-1004,-859,-367
"638",36047030700,3,"Brooklyn",3030700,2868056.47877,7822,7591,7472,8206,8489,7688,7359,7716,357,-801,734,-231
"639",36047030800,3,"Brooklyn",3030800,7196385.34024,10515,9763,11111,10766,12167,10358,12347,9798,-2549,-1809,-345,-752
"640",36047030900,3,"Brooklyn",3030900,1627454.73658,5993,5767,5444,6028,6157,5454,5731,5248,-483,-703,584,-226
"641",36047031100,3,"Brooklyn",3031100,1632165.33811,4774,4254,4323,4840,4908,4298,4650,4641,-9,-610,517,-520
"642",36047031300,3,"Brooklyn",3031300,1876205.47311,5293,4720,4559,4913,5349,4576,5391,4836,-555,-773,354,-573
"643",36047031401,3,"Brooklyn",3031401,4719371.29441,12265,10308,12393,10572,12934,11811,12744,11630,-1114,-1123,-1821,-1957
"644",36047031402,3,"Brooklyn",3031402,4222370.8327,741,911,653,984,1040,1735,1085,2267,1182,695,331,170
"645",36047031500,3,"Brooklyn",3031500,1940364.93216,6457,5876,5885,6494,6768,5819,6553,5810,-743,-949,609,-581
"646",36047031701,3,"Brooklyn",3031701,1504294.03269,4088,3695,3935,3691,4376,3492,4480,3564,-916,-884,-244,-393
"647",36047031702,3,"Brooklyn",3031702,1500336.70005,5440,4627,5342,4845,5684,4482,5312,4425,-887,-1202,-497,-813
"648",36047031900,3,"Brooklyn",3031900,1631610.70905,5979,5783,5658,5982,6198,5726,6390,5392,-998,-472,324,-196
"649",36047032100,3,"Brooklyn",3032100,1724842.16113,7507,7562,8729,7755,8625,6617,9267,7955,-1312,-2008,-974,55
"650",36047032300,3,"Brooklyn",3032300,1862961.94738,5218,5627,5370,5735,5363,4899,5006,5128,122,-464,365,409
"651",36047032500,3,"Brooklyn",3032500,1812069.76948,8048,6607,8120,6916,8902,5803,8645,5854,-2791,-3099,-1204,-1441
"652",36047032600,3,"Brooklyn",3032600,3542648.85815,13975,12580,14452,13831,15604,13122,14681,11667,-3014,-2482,-621,-1395
"653",36047032700,3,"Brooklyn",3032700,1904249.86078,14706,13998,14575,14331,15058,14391,14108,13250,-858,-667,-244,-708
"654",36047032800,3,"Brooklyn",3032800,2507369.09135,6335,6039,6826,6286,7155,6170,7509,6217,-1292,-985,-540,-296
"655",36047032900,3,"Brooklyn",3032900,1683542.59908,5919,5440,6236,5582,7078,5175,7099,5222,-1877,-1903,-654,-479
"656",36047033000,3,"Brooklyn",3033000,3866465.54911,6265,6288,6574,6650,8745,7744,9344,7508,-1836,-1001,76,23
"657",36047033100,3,"Brooklyn",3033100,1533546.83,3556,4356,3845,3643,4080,3638,4137,3405,-732,-442,-202,800
"658",36047033300,3,"Brooklyn",3033300,2005663.0437,3103,3328,3601,2922,3646,3014,3906,2879,-1027,-632,-679,225
"659",36047033500,3,"Brooklyn",3033500,1944377.10293,3064,2914,3311,2787,3242,2952,3401,2865,-536,-290,-524,-150
"660",36047033600,3,"Brooklyn",3033600,7312012.13029,11773,12108,11535,12293,10988,12956,10862,12759,1897,1968,758,335
"661",36047033701,3,"Brooklyn",3033701,1061778.63781,3597,3084,3625,2988,3778,2891,3645,2813,-832,-887,-637,-513
"662",36047033702,3,"Brooklyn",3033702,1065103.77441,3807,3495,3857,3596,4169,3458,4197,3516,-681,-711,-261,-312
"663",36047033900,3,"Brooklyn",3033900,1945657.82857,5643,4210,5412,4613,5436,3766,5407,3828,-1579,-1670,-799,-1433
"664",36047034000,3,"Brooklyn",3034000,1419227.53915,4007,3507,4743,4150,4081,3348,3443,2789,-654,-733,-593,-500
"665",36047034100,3,"Brooklyn",3034100,1504308.06279,2830,2534,2843,3099,3079,2312,3018,2392,-626,-767,256,-296
"666",36047034200,3,"Brooklyn",3034200,2475181.5915,11193,8321,12293,8749,12313,8151,12708,8199,-4509,-4162,-3544,-2872
"667",36047034300,3,"Brooklyn",3034300,1745165.90516,4500,3710,3972,4012,4631,3815,4344,3905,-439,-816,40,-790
"668",36047034500,3,"Brooklyn",3034500,1759935.57527,4146,3469,4133,3864,4519,3691,3760,3525,-235,-828,-269,-677
"669",36047034700,3,"Brooklyn",3034700,1505056.71962,4512,5048,4754,4881,5128,4688,4638,4687,49,-440,127,536
"670",36047034800,3,"Brooklyn",3034800,6985056.38136,27512,25805,28140,27126,29845,27673,28769,28013,-756,-2172,-1014,-1707
"671",36047034901,3,"Brooklyn",3034901,752964.123749,4819,3920,4554,4087,4932,3968,4380,4135,-245,-964,-467,-899
"672",36047034902,3,"Brooklyn",3034902,1003908.52783,4705,3884,4662,4173,5142,3655,4569,3729,-840,-1487,-489,-821
"673",36047035000,3,"Brooklyn",3035000,2123245.44497,14916,12160,15455,13393,15531,13320,13760,11089,-2671,-2211,-2062,-2756
"674",36047035101,3,"Brooklyn",3035101,752633.338306,6560,4780,6870,5025,7475,4641,6678,4533,-2145,-2834,-1845,-1780
"675",36047035102,3,"Brooklyn",3035102,1002516.39342,6511,4881,6446,4711,7194,3992,6760,4268,-2492,-3202,-1735,-1630
"676",36047035200,3,"Brooklyn",3035200,10657472.758,30332,23961,33431,29170,28475,25265,14927,14000,-927,-3210,-4261,-6371
"677",36047035301,3,"Brooklyn",3035301,752264.887949,3112,2322,2976,2610,3637,2330,3247,2289,-958,-1307,-366,-790
"678",36047035302,3,"Brooklyn",3035302,1003190.91234,3112,2455,3047,2424,3259,2273,3356,2256,-1100,-986,-623,-657
"679",36047035400,3,"Brooklyn",3035400,4052451.98247,18580,20459,18396,20863,20007,21429,20574,20246,-328,1422,2467,1879
"680",36047035500,3,"Brooklyn",3035500,1485518.38102,6476,5322,6352,5292,6632,4851,6312,4864,-1448,-1781,-1060,-1154
"681",36047035601,3,"Brooklyn",3035601,719519.891858,3477,3363,3682,3355,3865,3787,3996,3817,-179,-78,-327,-114
"682",36047035602,3,"Brooklyn",3035602,1843967.13789,8763,8755,8449,9162,9619,9589,9726,8883,-843,-30,713,-8
"683",36047035701,3,"Brooklyn",3035701,750004.902643,2996,2574,2719,2634,3011,2530,2711,2644,-67,-481,-85,-422
"684",36047035702,3,"Brooklyn",3035702,1214617.17463,2433,2665,2249,2783,2574,2528,2319,2684,365,-46,534,232
"685",36047035900,3,"Brooklyn",3035900,1955169.23252,6652,6459,6453,7184,6786,6103,6723,5984,-739,-683,731,-193
"686",36047036001,3,"Brooklyn",3036001,1019097.09443,7322,7397,7650,8120,6962,8177,6414,7670,1256,1215,470,75
"687",36047036002,3,"Brooklyn",3036002,924234.963068,8059,8223,8564,8748,8070,9491,7727,8672,945,1421,184,164
"688",36047036100,3,"Brooklyn",3036100,1524420.50073,6537,6882,5912,6601,6223,6628,6128,6156,28,405,689,345
"689",36047036200,3,"Brooklyn",3036200,1845171.64318,14713,15651,15114,16346,15554,16909,15889,16450,561,1355,1232,938
"690",36047036300,3,"Brooklyn",3036300,2786930.30682,8515,8467,8352,8903,9264,7562,8534,6986,-1548,-1702,551,-48
"691",36047036400,3,"Brooklyn",3036400,1539580.43809,6443,6323,6119,6568,6532,7176,6894,6884,-10,644,449,-120
"692",36047036501,3,"Brooklyn",3036501,1367343.96445,4393,3752,4249,3839,4769,3611,4350,3476,-874,-1158,-410,-641
"693",36047036502,3,"Brooklyn",3036502,1316867.77006,4658,4562,4501,4560,5143,4368,4820,4012,-808,-775,59,-96
"694",36047036600,3,"Brooklyn",3036600,2516458.26013,9070,8910,9076,9276,9809,9680,10035,9687,-348,-129,200,-160
"695",36047036700,3,"Brooklyn",3036700,1961097.76386,12208,7945,12079,8755,12694,7643,13093,6828,-6265,-5051,-3324,-4263
"696",36047036900,3,"Brooklyn",3036900,2433755.73916,9127,7381,8883,7931,9454,7370,9115,7296,-1819,-2084,-952,-1746
"697",36047037000,3,"Brooklyn",3037000,3617885.98561,16077,18512,16874,19089,17836,20086,17834,20449,2615,2250,2215,2435
"698",36047037100,3,"Brooklyn",3037100,2037041.34056,5082,4549,5126,5100,5689,5145,5433,4862,-571,-544,-26,-533
"699",36047037300,3,"Brooklyn",3037300,1838509.74606,6239,4894,6452,5270,6699,5224,6420,5440,-980,-1475,-1182,-1345
"700",36047037401,3,"Brooklyn",3037401,2422862.80439,8167,8019,7882,8045,9123,8784,9599,9094,-505,-339,163,-148
"701",36047037402,3,"Brooklyn",3037402,3270016.0854,14463,14872,14782,15296,16177,16485,17149,17164,15,308,514,409
"702",36047037500,3,"Brooklyn",3037500,1708659.74392,7432,6165,7379,6936,7931,6494,7872,6420,-1452,-1437,-443,-1267
"703",36047037700,3,"Brooklyn",3037700,2047553.74721,4124,3878,4369,4152,4862,3958,4539,4135,-404,-904,-217,-246
"704",36047037900,3,"Brooklyn",3037900,1978231.31236,4217,3838,4616,4029,5280,4031,5160,3948,-1212,-1249,-587,-379
"705",36047038100,3,"Brooklyn",3038100,2579146.09091,5763,5371,6036,5945,6625,5371,6242,5585,-657,-1254,-91,-392
"706",36047038200,3,"Brooklyn",3038200,2524535.31188,5990,4215,6138,4551,6438,4722,6442,4658,-1784,-1716,-1587,-1775
"707",36047038300,3,"Brooklyn",3038300,1878496.91181,4425,3061,3861,3062,4503,3069,4475,3160,-1315,-1434,-799,-1364
"708",36047038500,3,"Brooklyn",3038500,1877794.42429,3776,3357,4147,3576,4386,3699,4218,3693,-525,-687,-571,-419
"709",36047038600,3,"Brooklyn",3038600,2704671.01512,9074,8213,9037,8385,9876,9066,10090,9422,-668,-810,-652,-861
"710",36047038700,3,"Brooklyn",3038700,2027988.18534,6013,5026,5897,5644,6014,5026,6114,5052,-1062,-988,-253,-987
"711",36047038800,3,"Brooklyn",3038800,2130565.69634,5820,5478,5702,5545,7061,6591,7239,6307,-932,-470,-157,-342
"712",36047038900,3,"Brooklyn",3038900,1753535.47123,10680,9936,10060,11069,10135,11219,9823,10407,584,1084,1009,-744
"713",36047039000,3,"Brooklyn",3039000,1871799.72446,5387,5350,5611,5167,6647,5882,6450,6453,3,-765,-444,-37
"714",36047039100,3,"Brooklyn",3039100,1788881.25439,5742,5817,5701,6013,5562,5588,5144,5809,665,26,312,75
"715",36047039200,3,"Brooklyn",3039200,1875666.60552,7404,7229,7319,7100,8642,8045,8824,7895,-929,-597,-219,-175
"716",36047039300,3,"Brooklyn",3039300,2043908.71612,6692,5047,6352,5801,6739,5650,6349,5112,-1237,-1089,-551,-1645
"717",36047039400,3,"Brooklyn",3039400,2067691.62508,5055,5424,5054,4919,6975,6777,7794,7907,113,-198,-135,369
"718",36047039500,3,"Brooklyn",3039500,1715478.62591,4880,3776,4832,3856,5075,4095,4697,3955,-742,-980,-976,-1104
"719",36047039600,3,"Brooklyn",3039600,1757819.25314,3696,3201,3670,3357,5650,4513,7077,5088,-1989,-1137,-313,-495
"720",36047039700,3,"Brooklyn",3039700,1712820.50019,5845,4312,6063,5023,6196,4633,5894,4289,-1605,-1563,-1040,-1533
"721",36047039800,3,"Brooklyn",3039800,2184133.4657,7430,6990,7536,6868,8015,6621,8162,6918,-1244,-1394,-668,-440
"722",36047039900,3,"Brooklyn",3039900,1627809.17944,4351,3078,4086,3358,3919,3482,3904,3486,-418,-437,-728,-1273
"723",36047040000,3,"Brooklyn",3040000,2058373.12048,8378,8298,7938,8300,8749,8015,8963,8397,-566,-734,362,-80
"724",36047040100,3,"Brooklyn",3040100,1718319.03173,4302,4188,4627,4536,4630,4521,4581,4255,-326,-109,-91,-114
"725",36047040200,3,"Brooklyn",3040200,2126179.91292,10549,8746,10268,8732,11066,9295,10518,8462,-2056,-1771,-1536,-1803
"726",36047040300,3,"Brooklyn",3040300,2208072.00507,5307,4922,5187,5248,5563,5257,5646,4987,-659,-306,61,-385
"727",36047040400,3,"Brooklyn",3040400,1653839.79046,5277,4236,5026,4436,5763,4792,5858,5020,-838,-971,-590,-1041
"728",36047040500,3,"Brooklyn",3040500,1496440.31692,6600,6275,6562,6181,6583,6145,6695,5398,-1297,-438,-381,-325
"729",36047040600,3,"Brooklyn",3040600,1584439.82347,4189,3810,4122,4178,4037,4060,4041,4064,23,23,56,-379
"730",36047040700,3,"Brooklyn",3040700,5585573.18678,581,928,535,988,639,1044,610,956,346,405,453,347
"731",36047040800,3,"Brooklyn",3040800,1652207.634,5627,5350,5204,5520,5242,5335,5242,4908,-334,93,316,-277
"732",36047040900,3,"Brooklyn",3040900,1773606.99179,5417,4428,5322,4775,5452,5385,5366,5018,-348,-67,-547,-989
"733",36047041000,3,"Brooklyn",3041000,1537209.62338,3634,3257,3697,3228,5593,4633,6299,5139,-1160,-960,-469,-377
"734",36047041100,3,"Brooklyn",3041100,1433607.15244,3467,3034,3255,3372,3467,3479,3321,3140,-181,12,117,-433
"735",36047041200,3,"Brooklyn",3041200,1780125.31547,8360,8622,8635,8935,8600,8824,8560,9092,532,224,300,262
"736",36047041300,3,"Brooklyn",3041300,1745182.86345,4043,3915,4221,4075,4492,4141,4344,3754,-590,-351,-146,-128
"737",36047041401,3,"Brooklyn",3041401,1454192.41739,3393,2634,3478,2714,4714,3742,5331,4648,-683,-972,-764,-759
"738",36047041402,3,"Brooklyn",3041402,1659482.13087,2649,2387,2702,2698,3615,3605,4235,4217,-18,-10,-4,-262
"739",36047041500,3,"Brooklyn",3041500,1750287.74375,3866,3246,3930,3482,4021,3115,3750,2970,-780,-906,-448,-620
"740",36047041600,3,"Brooklyn",3041600,1749784.49979,3767,3269,4243,3441,4570,4082,5272,4256,-1016,-488,-802,-498
"741",36047041700,3,"Brooklyn",3041700,1519400.59481,4035,3484,3653,3646,3934,3638,3711,3427,-284,-296,-7,-551
"742",36047041800,3,"Brooklyn",3041800,1773170.3845,7563,6801,7508,6061,8348,7352,8654,7700,-954,-996,-1447,-762
"743",36047041900,3,"Brooklyn",3041900,1646861.68824,4774,4411,4117,4547,4495,4609,4371,4339,-32,114,430,-363
"744",36047042000,3,"Brooklyn",3042000,1820928.78799,6798,6790,6818,6340,7433,6721,7800,6072,-1728,-712,-478,-8
"745",36047042100,3,"Brooklyn",3042100,1651413.33408,4599,4993,4403,5069,4278,4736,4189,4433,244,458,666,394
"746",36047042200,3,"Brooklyn",3042200,2443185.6152,6931,7955,6910,8319,8678,10432,10564,10889,325,1754,1409,1024
"747",36047042300,3,"Brooklyn",3042300,1961468.1975,5946,5008,5835,5424,6316,5809,6094,5245,-849,-507,-411,-938
"748",36047042400,3,"Brooklyn",3042400,1733612.8618,7324,5981,7438,6187,7545,6790,7176,7025,-151,-755,-1251,-1343
"749",36047042500,3,"Brooklyn",3042500,1806380.02429,3997,4195,3989,4045,4347,4006,4219,4378,159,-341,56,198
"750",36047042600,3,"Brooklyn",3042600,1829969.17648,9904,9088,10603,9036,10168,8751,10060,9137,-923,-1417,-1567,-816
"751",36047042700,3,"Brooklyn",3042700,1595262.24548,6156,5644,5963,6338,6580,6246,6300,5440,-860,-334,375,-512
"752",36047042800,3,"Brooklyn",3042800,1773181.70731,9089,8419,9756,8750,10288,9497,10728,9489,-1239,-791,-1006,-670
"753",36047042900,3,"Brooklyn",3042900,1809836.58904,7442,7875,7137,8001,7418,8257,7449,7752,303,839,864,433
"754",36047043000,3,"Brooklyn",3043000,1721309.83631,10186,10966,11124,10557,11586,11738,11493,11274,-219,152,-567,780
"755",36047043100,3,"Brooklyn",3043100,1810786.76409,10596,11939,9822,11890,10027,12444,10059,11932,1873,2417,2068,1343
"756",36047043200,3,"Brooklyn",3043200,1594317.09098,9928,9070,9723,9164,10511,9274,10538,8578,-1960,-1237,-559,-858
"757",36047043300,3,"Brooklyn",3043300,1810979.35966,6669,7619,6338,7299,6421,7891,6103,7370,1267,1470,961,950
"758",36047043400,3,"Brooklyn",3043400,1509164.71188,6039,5980,6281,6059,5873,5734,5851,6234,383,-139,-222,-59
"759",36047043500,3,"Brooklyn",3043500,1810895.27328,5312,5466,5197,5584,5414,5931,5168,5532,364,517,387,154
"760",36047043600,3,"Brooklyn",3043600,1480301.69716,6912,6970,6741,6780,7228,6752,7030,6716,-314,-476,39,58
"761",36047043700,3,"Brooklyn",3043700,1809983.89257,5341,4468,5654,4490,5424,4796,5417,4525,-892,-628,-1164,-873
"762",36047043800,3,"Brooklyn",3043800,1671530.59195,7249,7378,7242,6914,8434,8270,9085,8997,-88,-164,-328,129
"763",36047043900,3,"Brooklyn",3043900,2152392.91291,13527,11853,13339,12207,13377,12260,12814,12462,-352,-1117,-1132,-1674
"764",36047044000,3,"Brooklyn",3044000,2173529.60592,4457,3775,4580,4006,5087,4735,5704,5134,-570,-352,-574,-682
"765",36047044100,3,"Brooklyn",3044100,1528572.59374,5985,6679,5737,6559,5878,6780,5721,6495,774,902,822,694
"766",36047044200,3,"Brooklyn",3044200,1969036.03797,3366,3219,3746,3511,4227,4011,4526,4071,-455,-216,-235,-147
"767",36047044300,3,"Brooklyn",3044300,1805749.92638,10191,11586,9779,11303,9470,11151,9476,10628,1152,1681,1524,1395
"768",36047044400,3,"Brooklyn",3044400,1878089.97089,3641,3589,4324,3631,4622,4102,4941,4421,-520,-520,-693,-52
"769",36047044500,3,"Brooklyn",3044500,1827455.9033,7679,6863,7141,6518,7370,6851,7045,6927,-118,-519,-623,-816
"770",36047044600,3,"Brooklyn",3044600,1523482.71972,5727,4921,6328,5033,7049,5313,7389,5186,-2203,-1736,-1295,-806
"771",36047044700,3,"Brooklyn",3044700,1752244.61959,8289,7362,8068,7091,8799,6810,7971,6478,-1493,-1989,-977,-927
"772",36047044800,3,"Brooklyn",3044800,2419978.34324,4438,5159,4761,5041,5407,5146,5829,5299,-530,-261,280,721
"773",36047044901,3,"Brooklyn",3044901,4142652.58769,10678,10974,9672,10816,10620,11106,10277,9980,-297,486,1144,296
"774",36047044902,3,"Brooklyn",3044902,18813945.3598,22404,23304,20845,23659,21670,22088,20331,19584,-747,418,2814,900
"775",36047045000,3,"Brooklyn",3045000,2370291.96262,2256,2508,2358,2349,2938,3188,3139,3146,7,250,-9,252
"776",36047045200,3,"Brooklyn",3045200,2005613.0521,2214,1927,2414,1836,3502,3109,4349,3502,-847,-393,-578,-287
"777",36047045300,3,"Brooklyn",3045300,3440160.2139,10519,9378,9993,9382,10044,9572,9743,8663,-1080,-472,-611,-1141
"778",36047045400,3,"Brooklyn",3045400,1423881.87849,3124,2510,3289,2246,3677,2778,4027,2958,-1069,-899,-1043,-614
"779",36047045600,3,"Brooklyn",3045600,1653625.13088,4691,4483,4976,4350,6999,6671,8594,7263,-1331,-328,-626,-208
"780",36047045800,3,"Brooklyn",3045800,1928211.64139,1517,1285,1472,1390,2361,2256,2979,3119,140,-105,-82,-232
"781",36047046000,3,"Brooklyn",3046000,2107798.13962,6559,5683,6589,5865,6812,5341,6811,5629,-1182,-1471,-724,-876
"782",36047046201,3,"Brooklyn",3046201,1381203.80765,3668,3091,3639,3206,4172,3098,4139,3128,-1011,-1074,-433,-577
"783",36047046202,3,"Brooklyn",3046202,1866157.45599,4511,3872,4621,3775,5140,4482,5727,4901,-826,-658,-846,-639
"784",36047046400,3,"Brooklyn",3046400,1762932.83189,7088,7071,7776,6933,8296,7262,8408,7643,-765,-1034,-843,-17
"785",36047046800,3,"Brooklyn",3046800,3193544.19004,2783,3550,2947,3145,4561,3259,4427,2955,-1472,-1302,198,767
"786",36047047000,3,"Brooklyn",3047000,1966226.00927,1935,1620,2145,1486,2659,1761,2778,1677,-1101,-898,-659,-315
"787",36047047200,3,"Brooklyn",3047200,1850619.25049,1931,1730,2121,1603,2420,2183,2608,2007,-601,-237,-518,-201
"788",36047047400,3,"Brooklyn",3047400,1892923.31615,1924,1821,2101,1674,2311,1664,2401,1633,-768,-647,-427,-103
"789",36047047600,3,"Brooklyn",3047600,2236222.60793,3381,2858,3521,2863,4059,2739,4439,2920,-1519,-1320,-658,-523
"790",36047047700,3,"Brooklyn",3047700,2342850.51791,5215,4327,5120,4304,5492,4891,5493,5138,-355,-601,-816,-888
"791",36047047800,3,"Brooklyn",3047800,2380722.01477,5247,5081,5569,4700,6110,4868,6437,4803,-1634,-1242,-869,-166
"792",36047048000,3,"Brooklyn",3048000,1643769.37236,4791,4729,4929,4755,5642,4638,6094,5126,-968,-1004,-174,-62
"793",36047048100,3,"Brooklyn",3048100,1629522.21077,4470,3657,4258,3817,4808,3979,4956,3685,-1271,-829,-441,-813
"794",36047048200,3,"Brooklyn",3048200,2121452.66442,8689,8840,8656,8825,9597,8830,9593,8968,-625,-767,169,151
"795",36047048400,3,"Brooklyn",3048400,2251840.73204,7284,7044,7377,7214,8073,7147,8383,7433,-950,-926,-163,-240
"796",36047048500,3,"Brooklyn",3048500,6259294.18143,12115,9839,11079,10104,13685,9983,13899,9733,-4166,-3702,-975,-2276
"797",36047048600,3,"Brooklyn",3048600,1888238.85249,6766,6637,6773,7170,7093,6507,7182,6473,-709,-586,397,-129
"798",36047048800,3,"Brooklyn",3048800,1542860.21266,3596,3250,3882,3288,4222,3284,4250,3509,-741,-938,-594,-346
"799",36047048900,3,"Brooklyn",3048900,985798.415472,4211,3965,4286,4264,4506,4154,4484,3850,-634,-352,-22,-246
"800",36047049000,3,"Brooklyn",3049000,2074872.37079,7596,6626,7810,7152,8981,7138,9121,7151,-1970,-1843,-658,-970
"801",36047049100,3,"Brooklyn",3049100,2294137.53171,15375,12350,14750,13082,15591,12430,14875,11716,-3159,-3161,-1668,-3025
"802",36047049200,3,"Brooklyn",3049200,1780102.53315,7483,6611,7673,7026,8224,6798,8382,7003,-1379,-1426,-647,-872
"803",36047049301,3,"Brooklyn",3049301,730013.026739,1775,1244,1735,1223,1830,1210,1934,1212,-722,-620,-512,-531
"804",36047049302,3,"Brooklyn",3049302,1724511.6779,7157,6046,6416,6214,7601,5917,7619,5559,-2060,-1684,-202,-1111
"805",36047049400,3,"Brooklyn",3049400,1970839.68898,6227,5170,6269,5502,7158,5625,7271,5270,-2001,-1533,-767,-1057
"806",36047049500,3,"Brooklyn",3049500,1389722.74999,5083,4104,4854,4425,5487,4271,5425,4252,-1173,-1216,-429,-979
"807",36047049600,3,"Brooklyn",3049600,2184807.48351,8072,7402,8084,7977,8778,7854,8779,7497,-1282,-924,-107,-670
"808",36047049700,3,"Brooklyn",3049700,1772556.57226,5846,4794,6045,4804,6783,4994,6723,5050,-1673,-1789,-1241,-1052
"809",36047049800,3,"Brooklyn",3049800,2199772.10779,6226,6249,6125,6196,6951,6680,7364,7170,-194,-271,71,23
"810",36047049900,3,"Brooklyn",3049900,1530256.85976,2908,2186,2842,2491,3150,2530,3046,2388,-658,-620,-351,-722
"811",36047050001,3,"Brooklyn",3050001,1513120.7047,4029,4070,4160,4057,5499,4583,5722,4358,-1364,-916,-103,41
"812",36047050002,3,"Brooklyn",3050002,661680.203792,1115,1025,1028,1188,1142,1179,1222,1229,7,37,160,-90
"813",36047050100,3,"Brooklyn",3050100,1857456.03194,5792,5703,5877,6351,6309,6772,5969,6211,242,463,474,-89
"814",36047050202,3,"Brooklyn",3050202,1451525.34649,2272,2476,2570,2645,2915,3129,2864,3154,290,214,75,204
"815",36047050300,3,"Brooklyn",3050300,1348755.44076,3492,2887,3336,3201,3633,3229,3532,3290,-242,-404,-135,-605
"816",36047050401,3,"Brooklyn",3050401,1564161.08434,3663,3070,3838,3255,5029,3619,4871,3673,-1198,-1410,-583,-593
"817",36047050402,3,"Brooklyn",3050402,916214.461641,3063,2799,2984,2847,3321,2979,3414,2964,-450,-342,-137,-264
"818",36047050500,3,"Brooklyn",3050500,1823285.59642,5291,4078,4931,4449,5975,4412,5877,4296,-1581,-1563,-482,-1213
"819",36047050600,3,"Brooklyn",3050600,1771606.05024,8664,7613,9337,7315,10461,7433,9922,7585,-2337,-3028,-2022,-1051
"820",36047050700,3,"Brooklyn",3050700,1877637.02701,6483,5719,6355,6111,6779,5704,6693,5676,-1017,-1075,-244,-764
"821",36047050801,3,"Brooklyn",3050801,843739.489131,6040,6224,6506,6066,6719,5494,6295,5603,-692,-1225,-440,184
"822",36047050803,3,"Brooklyn",3050803,602995.589979,4443,4338,4318,4606,4659,4451,4349,4030,-319,-208,288,-105
"823",36047050804,3,"Brooklyn",3050804,1110945.70009,5605,4703,5496,4883,5730,4993,5197,4904,-293,-737,-613,-902
"824",36047050900,3,"Brooklyn",3050900,1526103.18711,2569,2344,2699,2314,3455,2567,3725,2527,-1198,-888,-385,-225
"825",36047051001,3,"Brooklyn",3051001,828176.397386,4469,3885,4841,4008,5320,3855,4578,3873,-705,-1465,-833,-584
"826",36047051002,3,"Brooklyn",3051002,1152098.81396,6108,5277,6116,5290,6228,5065,5718,5223,-495,-1163,-826,-831
"827",36047051100,3,"Brooklyn",3051100,1711548.91023,5925,4179,5763,4576,6252,4503,5787,4238,-1549,-1749,-1187,-1746
"828",36047051200,3,"Brooklyn",3051200,1506254.07694,5799,4590,5710,4752,6410,4008,6039,4349,-1690,-2402,-958,-1209
"829",36047051300,3,"Brooklyn",3051300,2775918.87718,11746,9314,11325,10099,12799,9636,11798,9389,-2409,-3163,-1226,-2432
"830",36047051400,3,"Brooklyn",3051400,1949161.59784,6086,6186,6597,6404,7187,5913,6772,5985,-787,-1274,-193,100
"831",36047051500,3,"Brooklyn",3051500,2013938.66454,4685,3770,5174,4402,4470,4659,4282,4543,261,189,-772,-915
"832",36047051601,3,"Brooklyn",3051601,1247781.40531,4582,3905,4766,4046,4950,3968,4739,3900,-839,-982,-720,-677
"833",36047051602,3,"Brooklyn",3051602,979567.983588,4799,5047,4934,5600,5420,4688,4989,4496,-493,-732,666,248
"834",36047051700,3,"Brooklyn",3051700,2020312.39243,5157,3827,4928,4300,5447,4406,5380,4749,-631,-1041,-628,-1330
"835",36047051800,3,"Brooklyn",3051800,2170111.41363,3908,2899,4173,3491,4374,3146,4189,3296,-893,-1228,-682,-1009
"836",36047051900,3,"Brooklyn",3051900,2959027.8946,10102,7433,10824,10291,11557,8035,12155,7733,-4422,-3522,-533,-2669
"837",36047052000,3,"Brooklyn",3052000,2056594.59245,8443,6360,8620,6602,9487,6183,9512,6253,-3259,-3304,-2018,-2083
"838",36047052300,3,"Brooklyn",3052300,1555953.93194,7976,5234,7884,5565,8024,5190,7675,5327,-2348,-2834,-2319,-2742
"839",36047052500,3,"Brooklyn",3052500,1340183.55661,9758,7912,9578,8209,10185,7537,9453,7048,-2405,-2648,-1369,-1846
"840",36047052600,3,"Brooklyn",3052600,1823527.09745,6490,5911,6577,5751,7152,5631,7216,5702,-1514,-1521,-826,-579
"841",36047052700,3,"Brooklyn",3052700,2047896.17132,8393,6544,8272,6907,8785,6702,8904,6644,-2260,-2083,-1365,-1849
"842",36047052800,3,"Brooklyn",3052800,1891640.28703,3808,2876,3778,3232,4064,2843,3863,2922,-941,-1221,-546,-932
"843",36047052900,3,"Brooklyn",3052900,1882580.84348,3550,2920,3428,2734,4370,2882,4379,2823,-1556,-1488,-694,-630
"844",36047053000,3,"Brooklyn",3053000,1861289.96028,6069,5816,6125,6052,6226,6177,6491,6154,-337,-49,-73,-253
"845",36047053101,3,"Brooklyn",3053101,848807.909231,890,963,1022,1012,1228,936,1363,1149,-214,-292,-10,73
"846",36047053102,3,"Brooklyn",3053102,892907.852279,1357,1450,1386,1272,1600,1371,1715,1436,-279,-229,-114,93
"847",36047053200,3,"Brooklyn",3053200,1876179.10973,4415,3310,4796,3295,5688,4706,6861,5328,-1533,-982,-1501,-1105
"848",36047053300,3,"Brooklyn",3053300,2078811.99702,2280,2027,2206,1931,2664,2010,2634,2097,-537,-654,-275,-253
"849",36047053400,3,"Brooklyn",3053400,1866105.77915,6588,6314,6915,5815,7482,6023,7583,5922,-1661,-1459,-1100,-274
"850",36047053500,3,"Brooklyn",3053500,1406193.27924,2241,2105,2304,2020,2660,1984,2600,2137,-463,-676,-284,-136
"851",36047053700,3,"Brooklyn",3053700,1802604.12368,2807,3061,3080,2669,3663,3286,3835,3269,-566,-377,-411,254
"852",36047053800,3,"Brooklyn",3053800,1770108.36797,7883,8216,8149,8708,8721,8628,9329,8503,-826,-93,559,333
"853",36047053900,3,"Brooklyn",3053900,1091542.9119,1660,1875,1721,1887,2158,1795,2160,1753,-407,-363,166,215
"854",36047054200,3,"Brooklyn",3054200,2036089.76454,8966,10566,9229,10009,9468,10451,9917,10272,355,983,780,1600
"855",36047054300,3,"Brooklyn",3054300,10106059.8309,11552,12068,10076,12604,9792,11619,10102,11407,1305,1827,2528,516
"856",36047054400,3,"Brooklyn",3054400,2045270.50576,3918,4403,4403,4524,4592,4706,4683,4360,-323,114,121,485
"857",36047054500,3,"Brooklyn",3054500,1801771.59446,4048,4202,3910,4306,4426,3927,4369,3719,-650,-499,396,154
"858",36047054600,3,"Brooklyn",3054600,1942537.93881,8006,7977,7954,7974,8636,8663,8984,8467,-517,27,20,-29
"859",36047054700,3,"Brooklyn",3054700,1825019.46301,4261,4071,4090,4145,4338,3908,4188,3944,-244,-430,55,-190
"860",36047054800,3,"Brooklyn",3054800,1864436.1759,2897,2968,3326,2973,3678,3721,4330,3763,-567,43,-353,71
"861",36047054900,3,"Brooklyn",3054900,2097786.52356,8473,5849,7830,6315,8838,6218,8248,5405,-2843,-2620,-1515,-2624
"862",36047055000,3,"Brooklyn",3055000,1937232.65313,7710,8109,8034,8514,8300,9472,9221,9430,209,1172,480,399
"863",36047055100,3,"Brooklyn",3055100,2510822.12305,10386,8507,9635,10151,10096,8873,9433,8347,-1086,-1223,516,-1879
"864",36047055200,3,"Brooklyn",3055200,1805017.47974,18722,16961,19881,17428,19772,16752,21019,16100,-4919,-3020,-2453,-1761
"865",36047055300,3,"Brooklyn",3055300,1681865.62203,15713,11502,14768,12534,16275,10986,16069,10762,-5307,-5289,-2234,-4211
"866",36047055400,3,"Brooklyn",3055400,1821785.86912,16029,18061,16785,17239,16612,17165,17290,16903,-387,553,454,2032
"867",36047055500,3,"Brooklyn",3055500,2830476.76254,14211,11445,13043,13059,13906,12423,12762,12076,-686,-1483,16,-2766
"868",36047055600,3,"Brooklyn",3055600,2079990.35234,5402,6140,5513,5994,6545,6899,7041,7026,-15,354,481,738
"869",36047055700,3,"Brooklyn",3055700,3195112.35255,10159,6397,9981,7095,11226,6563,9737,5956,-3781,-4663,-2886,-3762
"870",36047055800,3,"Brooklyn",3055800,1847310.30457,4485,4409,4297,4325,5999,5048,6761,4691,-2070,-951,28,-76
"871",36047056000,3,"Brooklyn",3056000,1988439.74187,5847,7238,5911,7290,6727,7702,7294,7471,177,975,1379,1391
"872",36047056100,3,"Brooklyn",3056100,3577848.18373,7632,7817,7479,8014,8252,8696,8229,8651,422,444,535,185
"873",36047056200,3,"Brooklyn",3056200,1838820.74477,1699,2578,1613,2714,2535,3723,3120,3764,644,1188,1101,879
"874",36047056301,3,"Brooklyn",3056301,1932228.63439,3888,2910,3911,3121,4167,3317,4041,3643,-398,-850,-790,-978
"875",36047056302,3,"Brooklyn",3056302,2050580.93545,2769,3604,2465,4000,2429,4137,2522,3963,1441,1708,1535,835
"876",36047056400,3,"Brooklyn",3056400,1972387.69088,6172,6158,5880,6705,6620,7712,6802,7612,810,1092,825,-14
"877",36047056500,3,"Brooklyn",3056500,2557314.25799,8417,6815,7979,7949,8724,7451,8001,7564,-437,-1273,-30,-1602
"878",36047056600,3,"Brooklyn",3056600,1846300.3343,6880,6108,7154,6154,7406,6869,7300,6639,-661,-537,-1000,-772
"879",36047056800,3,"Brooklyn",3056800,1267976.20405,3702,3665,3834,3608,3784,3734,3639,3758,119,-50,-226,-37
"880",36047056900,3,"Brooklyn",3056900,1376243.65344,5426,4837,5194,5014,5660,4927,5618,4795,-823,-733,-180,-589
"881",36047057000,3,"Brooklyn",3057000,2824696.86814,13837,12371,14865,12886,13982,13503,13451,12998,-453,-479,-1979,-1466
"882",36047057100,3,"Brooklyn",3057100,1892836.46675,4483,4382,4459,4266,5117,4755,5351,4960,-391,-362,-193,-101
"883",36047057200,3,"Brooklyn",3057200,2622725.21641,6168,5351,6483,5592,6600,5252,6524,4947,-1577,-1348,-891,-817
"884",36047057300,3,"Brooklyn",3057300,1831149.74968,4360,3640,4104,3514,4017,3585,4315,3980,-335,-432,-590,-720
"885",36047057400,3,"Brooklyn",3057400,1713577.62136,5818,6363,5811,6388,5490,6366,5537,6237,700,876,577,545
"886",36047057500,3,"Brooklyn",3057500,1952560.4305,6247,6208,6021,5870,6683,6624,6335,6513,178,-59,-151,-39
"887",36047057600,3,"Brooklyn",3057600,1707334.50193,6631,7269,6494,7326,6635,7539,6719,7666,947,904,832,638
"888",36047057800,3,"Brooklyn",3057800,1853782.06538,8336,8647,8655,8662,9387,9242,10338,9417,-921,-145,7,311
"889",36047057901,3,"Brooklyn",3057901,2643877.27508,8052,7519,7733,7797,7843,8822,7496,8526,1030,979,64,-533
"890",36047057902,3,"Brooklyn",3057902,5305925.13232,5389,5361,5127,5233,5044,5498,4879,5442,563,454,106,-28
"891",36047058000,3,"Brooklyn",3058000,1707766.47855,9020,8687,9182,8475,9530,8353,9550,8296,-1254,-1177,-707,-333
"892",36047058200,3,"Brooklyn",3058200,1738266.68337,8420,8922,8324,8602,9392,9165,9765,9451,-314,-227,278,502
"893",36047058400,3,"Brooklyn",3058400,2029005.50426,7753,6424,7439,6772,8216,7878,8548,8461,-87,-338,-667,-1329
"894",36047058600,3,"Brooklyn",3058600,1759616.20376,5837,5123,5930,5384,6356,5314,6455,5457,-998,-1042,-546,-714
"895",36047058800,3,"Brooklyn",3058800,1718520.71093,8015,7262,7927,7730,8756,8104,8479,8371,-108,-652,-197,-753
"896",36047058901,3,"Brooklyn",3058901,2170252.33701,4957,3649,4074,3430,3793,3275,3815,3412,-403,-518,-644,-1308
"897",36047058902,3,"Brooklyn",3058902,2403423.14659,2786,2428,2275,2659,2709,2822,2562,2849,287,113,384,-358
"898",36047059000,3,"Brooklyn",3059000,1704089.74882,8205,7647,8338,7903,9122,8415,9290,8495,-795,-707,-435,-558
"899",36047059100,3,"Brooklyn",3059100,2062727.21542,5397,5357,5611,5655,5649,6165,5643,5854,211,516,44,-40
"900",36047059200,3,"Brooklyn",3059200,2360097.78257,13384,11923,13024,11906,14312,12329,14582,12877,-1705,-1983,-1118,-1461
"901",36047059300,3,"Brooklyn",3059300,2033982.76645,3769,3728,3597,3652,3659,4136,3902,3864,-38,477,55,-41
"902",36047059402,3,"Brooklyn",3059402,3470556.22439,12758,12186,12630,12060,13003,13130,12837,13563,726,127,-570,-572
"903",36047059403,3,"Brooklyn",3059403,2225484.98934,6752,8463,6641,8457,7615,9481,7773,9782,2009,1866,1816,1711
"904",36047059404,3,"Brooklyn",3059404,2302530.94348,7460,7744,7566,7750,8191,8371,8301,8640,339,180,184,284
"905",36047059600,3,"Brooklyn",3059600,1863185.1212,9956,9262,10230,9859,10156,10612,10947,10475,-472,456,-371,-694
"906",36047059800,3,"Brooklyn",3059800,2145271.55292,8452,8653,8519,8644,8903,9345,9085,9683,598,442,125,201
"907",36047060000,3,"Brooklyn",3060000,4732242.69363,20719,23926,21384,24000,22474,26670,22377,27211,4834,4196,2616,3207
"908",36047060600,3,"Brooklyn",3060600,1950213.64996,15596,14313,15586,14506,17183,15058,17489,15046,-2443,-2125,-1080,-1283
"909",36047060800,3,"Brooklyn",3060800,4306805.38074,25989,25725,25439,27224,29729,30142,27643,28798,1155,413,1785,-264
"910",36047061002,3,"Brooklyn",3061002,2430445.47338,9547,10854,9808,11462,9713,11635,9013,10623,1610,1922,1654,1307
"911",36047061003,3,"Brooklyn",3061003,904406.992863,5696,6182,5150,6396,5155,6886,4938,6476,1538,1731,1246,486
"912",36047061004,3,"Brooklyn",3061004,2384898.33519,13157,14524,13534,14703,15124,16010,15343,16280,937,886,1169,1367
"913",36047061200,3,"Brooklyn",3061200,2130753.49015,5264,6187,5179,5612,5946,6947,5721,7206,1485,1001,433,923
"914",36047061600,3,"Brooklyn",3061600,7850056.4892,10992,10602,14835,10966,16161,12253,21153,11181,-9972,-3908,-3869,-390
"915",36047062000,3,"Brooklyn",3062000,3438941.25506,5003,6715,5566,6567,5847,7950,6092,7653,1561,2103,1001,1712
"916",36047062200,3,"Brooklyn",3062200,2689213.14137,9775,8315,9686,8807,10569,9640,9777,9027,-750,-929,-879,-1460
"917",36047062600,3,"Brooklyn",3062600,3425960.96508,8744,8636,8867,8777,8698,9145,8388,8747,359,447,-90,-108
"918",36047062800,3,"Brooklyn",3062800,8304005.11943,24140,25336,25394,26068,25884,28004,25862,26497,635,2120,674,1196
"919",36047063200,3,"Brooklyn",3063200,1264075.72212,4120,4396,4252,4475,4628,4731,4541,4781,240,103,223,276
"920",36047063600,3,"Brooklyn",3063600,1230571.69041,3843,3718,3659,3780,3359,4024,3538,4326,788,665,121,-125
"921",36047063800,3,"Brooklyn",3063800,1498401.14528,4112,3946,4436,4181,4449,4181,4415,4052,-363,-268,-255,-166
"922",36047064000,3,"Brooklyn",3064000,1651211.8475,3499,3857,3583,3704,3848,3911,3893,3674,-219,63,121,358
"923",36047064200,3,"Brooklyn",3064200,2530379.58935,6456,6153,6958,5988,7578,7613,9496,7656,-1840,35,-970,-303
"924",36047064400,3,"Brooklyn",3064400,2145902.19502,4542,5924,5028,5909,5325,6363,5802,5943,141,1038,881,1382
"925",36047064600,3,"Brooklyn",3064600,1782721.39773,3124,3275,3169,3483,3391,3977,3477,3688,211,586,314,151
"926",36047064800,3,"Brooklyn",3064800,1631120.78317,2401,2595,2476,2659,2503,2953,2478,2935,457,450,183,194
"927",36047065000,3,"Brooklyn",3065000,1789145.98592,5542,5141,4998,5432,5172,5431,5183,4898,-285,259,434,-401
"928",36047065200,3,"Brooklyn",3065200,1882864.45114,6215,7199,6493,7184,6742,7976,6918,7894,976,1234,691,984
"929",36047065400,3,"Brooklyn",3065400,1631231.62373,4472,5044,4390,5069,4477,5933,4535,6270,1735,1456,679,572
"930",36047065600,3,"Brooklyn",3065600,1653144.01298,5198,5148,5139,5286,5067,5902,5159,6195,1036,835,147,-50
"931",36047065800,3,"Brooklyn",3065800,1650702.37252,4214,4825,4122,4277,4101,4890,4146,4708,562,789,155,611
"932",36047066000,3,"Brooklyn",3066000,1639605.31199,3508,4792,3697,4986,3582,5384,3543,5271,1728,1802,1289,1284
"933",36047066200,3,"Brooklyn",3066200,2488662.73852,11818,12049,11429,12040,10994,12687,10285,12708,2423,1693,611,231
"934",36047066600,3,"Brooklyn",3066600,43267147.7848,10612,10937,10671,11526,12094,13149,11177,12625,1448,1055,855,325
"935",36047067000,3,"Brooklyn",3067000,2243640.0565,8056,7627,7933,7992,7753,7712,7198,7537,339,-41,59,-429
"936",36047067200,3,"Brooklyn",3067200,1869823.29004,5957,5765,5774,6190,5530,5823,5343,5562,219,293,416,-192
"937",36047067400,3,"Brooklyn",3067400,2039940.92566,5887,6027,5773,6373,5768,6382,5355,6334,979,614,600,140
"938",36047067600,3,"Brooklyn",3067600,1672665.83935,3875,3660,4128,3493,4214,3503,4037,3626,-411,-711,-635,-215
"939",36047067800,3,"Brooklyn",3067800,1789096.15641,3092,2826,3265,3105,3229,3019,3115,2888,-227,-210,-160,-266
"940",36047068000,3,"Brooklyn",3068000,1817783.30865,4254,4811,4441,5125,4629,4853,4552,4481,-71,224,684,557
"941",36047068200,3,"Brooklyn",3068200,2176848.69418,4622,4160,4922,4675,4681,4109,4446,3861,-585,-572,-247,-462
"942",36047068600,3,"Brooklyn",3068600,1592924.36073,3760,4140,3865,4249,3665,4661,3485,4593,1108,996,384,380
"943",36047068800,3,"Brooklyn",3068800,1686416.95268,3871,3902,3885,4064,3881,4067,3842,3999,157,186,179,31
"944",36047069000,3,"Brooklyn",3069000,1861628.93014,5035,4553,5306,5015,5542,5048,5293,5058,-235,-494,-291,-482
"945",36047069200,3,"Brooklyn",3069200,1952887.63742,5341,4728,5307,5064,4931,4941,4732,4770,38,10,-243,-613
"946",36047069601,3,"Brooklyn",3069601,4532216.36017,15615,15521,15648,15747,15701,15982,14040,15800,1760,281,99,-94
"947",36047069602,3,"Brooklyn",3069602,7888385.83764,16874,20984,16665,21556,16401,22994,16606,23652,7046,6593,4891,4110
"948",36047069800,3,"Brooklyn",3069800,5428346.5579,34001,35345,35508,36780,33645,38807,30511,37622,7111,5162,1272,1344
"949",36047070000,3,"Brooklyn",3070000,2177086.0564,5224,6189,5500,6425,5311,7332,5514,7310,1796,2021,925,965
"950",36047070201,3,"Brooklyn",3070201,11085721.458,23193,26312,22872,26994,22719,31407,22769,31048,8279,8688,4122,3119
"951",36047070202,3,"Brooklyn",3070202,54676051.4154,8794,7705,9271,6972,9807,8521,10680,10527,-153,-1286,-2299,-1089
"952",36047070203,3,"Brooklyn",3070203,39754276.8935,126,158,106,206,127,193,121,112,-9,66,100,32
"953",36047070601,3,"Brooklyn",3070601,4536147.223,9445,10831,8982,10658,9620,11810,9562,12216,2654,2190,1676,1386
"954",36047070602,3,"Brooklyn",3070602,10589612.2923,1523,1854,1539,1987,1798,2431,1682,2687,1005,633,448,331
"955",36047072000,3,"Brooklyn",3072000,1701872.00973,7972,7578,8154,8067,8037,7614,7426,7636,210,-423,-87,-394
"956",36047072200,3,"Brooklyn",3072200,2769417.67907,7821,7206,8156,6798,8370,6664,7134,6302,-832,-1706,-1358,-615
"957",36047072400,3,"Brooklyn",3072400,2068970.22628,6776,5728,6497,5590,6580,5492,5982,5281,-701,-1088,-907,-1048
"958",36047072600,3,"Brooklyn",3072600,2962944.12466,4022,4074,4664,4310,4692,4168,4013,4163,150,-524,-354,52
"959",36047072800,3,"Brooklyn",3072800,2282665.40971,6603,5854,6734,5525,6842,5627,6429,5600,-829,-1215,-1209,-749
"960",36047073000,3,"Brooklyn",3073000,1991258.0061,4107,3762,3914,3580,3967,3377,3594,3043,-551,-590,-334,-345
"961",36047073200,3,"Brooklyn",3073200,1722429.16524,3109,3018,3193,2970,3180,3088,2728,3096,368,-92,-223,-91
"962",36047073400,3,"Brooklyn",3073400,1626697.9637,2476,2391,2681,2448,2656,2320,2612,2367,-245,-336,-233,-85
"963",36047073600,3,"Brooklyn",3073600,1915690.50026,6544,5059,6549,5940,6549,5622,6262,5642,-620,-927,-609,-1485
"964",36047073800,3,"Brooklyn",3073800,1941782.30533,5992,4004,5904,4373,5666,4258,5636,3950,-1686,-1408,-1531,-1988
"965",36047074000,3,"Brooklyn",3074000,1747894.42011,6039,6152,5261,5560,4937,5203,4724,4571,-153,266,299,113
"966",36047074200,3,"Brooklyn",3074200,1876115.69617,4106,3519,4069,3347,4266,3196,4142,2986,-1156,-1070,-722,-587
"967",36047074400,3,"Brooklyn",3074400,1836193.76192,2070,1346,2229,1470,1959,1632,2026,1535,-491,-327,-759,-724
"968",36047074600,3,"Brooklyn",3074600,2171151.29058,8529,7881,9004,8089,8277,8155,8506,7537,-969,-122,-915,-648
"969",36047074800,3,"Brooklyn",3074800,1900352.0446,3480,2569,4050,2495,4393,2606,4938,2579,-2359,-1787,-1555,-911
"970",36047075000,3,"Brooklyn",3075000,1866699.22135,3435,3238,3268,3185,3527,3493,3864,3473,-391,-34,-83,-197
"971",36047075200,3,"Brooklyn",3075200,1864085.1415,1496,1199,1298,1137,1715,1434,2210,1526,-684,-281,-161,-297
"972",36047075400,3,"Brooklyn",3075400,1867167.87888,1287,826,1211,687,1529,1166,1764,1191,-573,-363,-524,-461
"973",36047075600,3,"Brooklyn",3075600,1867819.32911,2477,2049,2403,1891,2661,2440,2910,2599,-311,-221,-512,-428
"974",36047075800,3,"Brooklyn",3075800,2209765.79527,2515,2518,2754,2400,2821,2825,2874,3034,160,4,-354,3
"975",36047076000,3,"Brooklyn",3076000,1954536.45647,3051,2753,3359,3070,3432,3196,3793,3135,-658,-236,-289,-298
"976",36047076200,3,"Brooklyn",3076200,2024074.5775,4419,4812,4515,4705,4834,4595,5029,4961,-68,-239,190,393
"977",36047076400,3,"Brooklyn",3076400,1740194.71592,3729,3158,3584,3492,3838,3506,3676,3528,-148,-332,-92,-571
"978",36047076600,3,"Brooklyn",3076600,887313.79482,1602,1421,1669,1830,1797,1403,1754,1445,-309,-394,161,-181
"979",36047076800,3,"Brooklyn",3076800,3265655.40267,9341,9723,9455,9227,11525,9657,14281,8968,-5313,-1868,-228,382
"980",36047077000,3,"Brooklyn",3077000,1760973.02051,5003,3840,5305,4040,5685,3873,5383,3887,-1496,-1812,-1265,-1163
"981",36047077200,3,"Brooklyn",3077200,4351946.22092,8219,4601,7496,4451,9806,4693,14520,4369,-10151,-5113,-3045,-3618
"982",36047077400,3,"Brooklyn",3077400,1596845.40176,15624,13849,15904,14448,16030,13097,16822,12376,-4446,-2933,-1456,-1775
"983",36047077600,3,"Brooklyn",3077600,2008023.1495,5667,3947,5665,4469,5529,3856,5247,3691,-1556,-1673,-1196,-1720
"984",36047078000,3,"Brooklyn",3078000,1770932.96823,3200,3332,3294,3564,3477,3199,3152,3254,102,-278,270,132
"985",36047078200,3,"Brooklyn",3078200,1811374.37577,3787,3835,4044,3847,4157,3409,3904,3034,-870,-748,-197,48
"986",36047078400,3,"Brooklyn",3078400,1801875.88686,2720,2973,2874,3037,3100,2879,2796,2679,-117,-221,163,253
"987",36047078601,3,"Brooklyn",3078601,930777.273989,8981,7317,9073,7795,9150,7069,9242,6971,-2271,-2081,-1278,-1664
"988",36047078602,3,"Brooklyn",3078602,903520.485328,2472,3016,2599,3321,2530,2908,2658,2549,-109,378,722,544
"989",36047078801,3,"Brooklyn",3078801,1000835.17597,3538,4228,3762,4173,3609,3755,3684,3736,52,146,411,690
"990",36047078802,3,"Brooklyn",3078802,688601.55341,2187,2501,2367,2732,2534,2334,2596,2209,-387,-200,365,314
"991",36047079001,3,"Brooklyn",3079001,651088.476974,2563,2624,2542,2681,2598,2625,2374,2430,56,27,139,61
"992",36047079002,3,"Brooklyn",3079002,1318503.26548,3911,3969,3993,4785,4078,3799,3848,3938,90,-279,792,58
"993",36047079201,3,"Brooklyn",3079201,1170145.87316,5445,4643,5608,4783,6986,4504,5234,4122,-1112,-2482,-825,-802
"994",36047079202,3,"Brooklyn",3079202,1162117.94516,3249,3304,3403,3529,3699,3191,3555,3248,-307,-508,126,55
"995",36047079400,3,"Brooklyn",3079400,2391961.76298,12263,11014,12049,10442,13199,11110,12616,10436,-2180,-2089,-1607,-1249
"996",36047079601,3,"Brooklyn",3079601,1188358.59053,4326,4479,4054,4551,4541,4488,4191,4224,33,-53,497,153
"997",36047079602,3,"Brooklyn",3079602,1453524.69132,8177,7271,8413,7367,8730,7654,8377,7522,-855,-1076,-1046,-906
"998",36047079801,3,"Brooklyn",3079801,1397208.54266,3544,3437,3599,3342,3894,3468,3801,3512,-289,-426,-257,-107
"999",36047079802,3,"Brooklyn",3079802,1145198.83119,7258,6635,7217,6975,8087,6593,7501,6016,-1485,-1494,-242,-623
"1000",36047080000,3,"Brooklyn",3080000,1869357.41648,4321,4063,4245,4089,4319,4626,4350,4968,618,307,-156,-258
"1001",36047080200,3,"Brooklyn",3080200,1994115.47262,6224,6866,5947,6659,6239,7089,5986,6310,324,850,712,642
"1002",36047080400,3,"Brooklyn",3080400,2042543.17935,7488,7527,7071,7323,7235,8017,6457,7674,1217,782,252,39
"1003",36047080600,3,"Brooklyn",3080600,1790169.55168,4056,3441,4032,3383,4245,3755,4117,3797,-320,-490,-649,-615
"1004",36047080800,3,"Brooklyn",3080800,3465286.50815,12402,11688,11731,12135,11308,11514,11003,11142,139,206,404,-714
"1005",36047081000,3,"Brooklyn",3081000,1748271.96211,3881,4185,4510,4247,4192,4486,4361,4319,-42,294,-263,304
"1006",36047081400,3,"Brooklyn",3081400,1831958.65772,5819,5075,5830,5927,5842,5593,5667,5220,-447,-249,97,-744
"1007",36047081600,3,"Brooklyn",3081600,1933154.56568,8529,7595,8189,7830,7843,7441,8219,7340,-879,-402,-359,-934
"1008",36047081800,3,"Brooklyn",3081800,1699560.07495,7734,7528,7857,7661,7926,7299,7517,7160,-357,-627,-196,-206
"1009",36047082000,3,"Brooklyn",3082000,1599913.46176,7830,7175,7834,7263,8216,7230,7662,6880,-782,-986,-571,-655
"1010",36047082200,3,"Brooklyn",3082200,1827422.90655,7044,7085,7323,6832,7593,6953,6672,6951,279,-640,-491,41
"1011",36047082400,3,"Brooklyn",3082400,2307258.58028,10569,9579,10904,9747,11488,9208,10881,8851,-2030,-2280,-1157,-990
"1012",36047082600,3,"Brooklyn",3082600,2142838.85613,8638,6844,8536,7232,8869,7033,8427,7453,-974,-1836,-1304,-1794
"1013",36047082800,3,"Brooklyn",3082800,1687712.4759,8059,8385,7968,8533,8453,7208,8098,7491,-607,-1245,565,326
"1014",36047083000,3,"Brooklyn",3083000,2171914.95301,7917,8755,8512,8473,8823,7375,8559,7040,-1519,-1448,-39,838
"1015",36047083200,3,"Brooklyn",3083200,1566888.49142,3108,4336,3434,4474,3510,4289,3721,3898,177,779,1040,1228
"1016",36047083400,3,"Brooklyn",3083400,1355748.3336,2450,2451,2541,2604,2516,2470,2280,2192,-88,-46,63,1
"1017",36047083600,3,"Brooklyn",3083600,2240975.57943,6749,5913,6942,6588,6976,6207,6890,5641,-1249,-769,-354,-836
"1018",36047083800,3,"Brooklyn",3083800,1796855.84358,3446,2896,3610,3189,3836,3324,3523,3244,-279,-512,-421,-550
"1019",36047084000,3,"Brooklyn",3084000,1830663.25279,4913,3632,4809,4102,5002,3726,4632,3609,-1023,-1276,-707,-1281
"1020",36047084600,3,"Brooklyn",3084600,1778307.47919,4713,3211,4588,3576,4683,3497,4170,3473,-697,-1186,-1012,-1502
"1021",36047084800,3,"Brooklyn",3084800,1479845.49082,3842,3219,3900,3232,3865,3384,3409,3178,-231,-481,-668,-623
"1022",36047085000,3,"Brooklyn",3085000,1556707.68189,3436,2379,3311,2565,3572,2750,3238,2503,-735,-822,-746,-1057
"1023",36047085200,3,"Brooklyn",3085200,4276575.30853,448,475,385,726,377,507,377,632,255,130,341,27
"1024",36047085400,3,"Brooklyn",3085400,1385790.11763,2598,2288,2675,2489,2695,2502,2641,2323,-318,-193,-186,-310
"1025",36047085600,3,"Brooklyn",3085600,1700511.63495,5921,5814,5776,6394,5491,5905,5336,5593,257,414,618,-107
"1026",36047085800,3,"Brooklyn",3085800,1488957.95616,4308,4045,4493,4865,4433,4063,4009,4030,21,-370,372,-263
"1027",36047086000,3,"Brooklyn",3086000,1879565.35477,6897,5983,6676,6309,6867,5718,6364,5483,-881,-1149,-367,-914
"1028",36047086200,3,"Brooklyn",3086200,1508724.47244,5620,5337,5559,5679,6030,5330,5697,5424,-273,-700,120,-283
"1029",36047086400,3,"Brooklyn",3086400,1621224.34521,5069,5069,4831,5236,4851,5113,4728,4946,218,262,405,0
"1030",36047086600,3,"Brooklyn",3086600,1684237.05179,4817,4070,4814,4329,4811,4013,4214,3922,-292,-798,-485,-747
"1031",36047086800,3,"Brooklyn",3086800,1879388.15164,11599,10437,11553,11247,11866,10712,10757,10128,-629,-1154,-306,-1162
"1032",36047087000,3,"Brooklyn",3087000,1676352.35112,4856,4116,5085,4253,4855,3775,4552,4226,-326,-1080,-832,-740
"1033",36047087200,3,"Brooklyn",3087200,1583318.14755,3630,3329,3716,3917,3591,3264,3391,3168,-223,-327,201,-301
"1034",36047087401,3,"Brooklyn",3087401,1405622.88289,4111,3425,4032,3674,4155,3740,4024,3333,-691,-415,-358,-686
"1035",36047087600,3,"Brooklyn",3087600,1530933.26215,3373,3308,3085,3350,3602,3259,3434,2986,-448,-343,265,-65
"1036",36047087800,3,"Brooklyn",3087800,1629553.12386,7990,5830,7888,6687,8261,6595,7587,6990,-597,-1666,-1201,-2160
"1037",36047088001,3,"Brooklyn",3088001,874304.813325,4752,3968,4496,4357,4588,3903,4466,3894,-572,-685,-139,-784
"1038",36047088002,3,"Brooklyn",3088002,1088856.50255,3964,3273,3636,3311,4004,3313,3747,3629,-118,-691,-325,-691
"1039",36047088200,3,"Brooklyn",3088200,2188028.20171,6128,5750,6298,6472,6471,5310,6077,5406,-671,-1161,174,-378
"1040",36047088400,3,"Brooklyn",3088400,1797772.88727,5843,4851,5712,4850,5838,4692,5196,5099,-97,-1146,-862,-992
"1041",36047088600,3,"Brooklyn",3088600,1935334.14357,5550,5222,5557,5563,5987,5073,5633,5104,-529,-914,6,-328
"1042",36047088800,3,"Brooklyn",3088800,2166355.63556,6448,5939,6371,6689,6700,6374,6246,6104,-142,-326,318,-509
"1043",36047089000,3,"Brooklyn",3089000,2672111.43789,12349,11701,12090,12418,12658,11680,11907,11244,-663,-978,328,-648
"1044",36047089200,3,"Brooklyn",3089200,1932402.81338,12914,11258,12009,10817,12785,10562,11640,11001,-639,-2223,-1192,-1656
"1045",36047089400,3,"Brooklyn",3089400,1853454.07372,5683,5137,5403,5345,5569,5494,5183,5092,-91,-75,-58,-546
"1046",36047089600,3,"Brooklyn",3089600,1605933.79391,4830,4363,4990,4401,5489,4325,4717,4050,-667,-1164,-589,-467
"1047",36047089800,3,"Brooklyn",3089800,1661400.05905,3706,4177,3799,3908,3964,3664,3283,3613,330,-300,109,471
"1048",36047090000,3,"Brooklyn",3090000,2645361.11722,9698,10331,9764,9332,10982,9538,10396,8644,-1752,-1444,-432,633
"1049",36047090200,3,"Brooklyn",3090200,2051102.85376,6620,6255,6070,5979,6412,6391,6188,5964,-224,-21,-91,-365
"1050",36047090600,3,"Brooklyn",3090600,2107750.76675,10228,9894,9692,10903,10354,10509,9896,10562,666,155,1211,-334
"1051",36047090800,3,"Brooklyn",3090800,3194827.50672,9572,9781,8945,10148,10307,9136,10662,8446,-2216,-1171,1203,209
"1052",36047091000,3,"Brooklyn",3091000,2281443.73017,9041,8390,8772,8998,8888,8214,8234,8102,-132,-674,226,-651
"1053",36047091200,3,"Brooklyn",3091200,1800466.62384,8083,6893,7651,7372,7972,7400,8131,7300,-831,-572,-279,-1190
"1054",36047091600,3,"Brooklyn",3091600,2321085.56011,7008,6384,6891,6676,7551,6139,6984,6287,-697,-1412,-215,-624
"1055",36047091800,3,"Brooklyn",3091800,2256021.20142,4628,3880,4469,4524,5062,4161,4705,4080,-625,-901,55,-748
"1056",36047092000,3,"Brooklyn",3092000,2554843.41539,5191,5153,5519,5909,5598,5374,5571,5086,-485,-224,390,-38
"1057",36047092200,3,"Brooklyn",3092200,1742724.00224,5172,4362,5341,5281,5770,4413,5573,4136,-1437,-1357,-60,-810
"1058",36047092400,3,"Brooklyn",3092400,2709111.04061,11758,9939,11889,10470,11668,10154,11522,10112,-1410,-1514,-1419,-1819
"1059",36047092800,3,"Brooklyn",3092800,1691579.21054,4195,3837,4200,4008,4196,4071,3936,3714,-222,-125,-192,-358
"1060",36047093000,3,"Brooklyn",3093000,2090418.86394,6108,5463,5677,5513,6027,5289,5618,5052,-566,-738,-164,-645
"1061",36047093200,3,"Brooklyn",3093200,3018449.49406,4864,6146,4558,6330,4433,6220,4285,6164,1879,1787,1772,1282
"1062",36047093400,3,"Brooklyn",3093400,1913424.71193,3385,3120,3310,3272,3759,3259,3586,2995,-591,-500,-38,-265
"1063",36047093600,3,"Brooklyn",3093600,1777145.29359,4122,2774,4237,2847,4722,3424,4585,3331,-1254,-1298,-1390,-1348
"1064",36047093800,3,"Brooklyn",3093800,1411409.93028,3606,2784,3374,2949,3655,2559,3322,2449,-873,-1096,-425,-822
"1065",36047094401,3,"Brooklyn",3094401,3906963.05851,7660,7399,7370,7394,7969,6885,7214,6370,-844,-1084,24,-261
"1066",36047094402,3,"Brooklyn",3094402,1150874.286,3426,3220,3381,3393,3547,3190,3462,3273,-189,-357,12,-206
"1067",36047094600,3,"Brooklyn",3094600,3110120.37446,6352,5652,6581,5938,7506,6280,7131,5798,-1333,-1226,-643,-700
"1068",36047095000,3,"Brooklyn",3095000,2612150.90558,7736,6269,7695,7007,8945,7365,7959,7217,-742,-1580,-688,-1467
"1069",36047095400,3,"Brooklyn",3095400,2551621.36365,8384,7011,8054,7720,8516,7217,7455,7069,-386,-1299,-334,-1373
"1070",36047095600,3,"Brooklyn",3095600,2557814.04938,8123,9346,7448,9737,7993,9349,7962,8432,470,1356,2289,1223
"1071",36047095800,3,"Brooklyn",3095800,2523362.20552,5833,6894,5494,6934,5805,6324,5292,5980,688,519,1440,1061
"1072",36047096000,3,"Brooklyn",3096000,4573323.61141,15908,16345,15595,16540,15910,16361,15139,16156,1017,451,945,437
"1073",36047096200,3,"Brooklyn",3096200,1920772.18018,4920,4088,4842,4562,5027,4112,4492,3954,-538,-915,-280,-832
"1074",36047096400,3,"Brooklyn",3096400,1900792.38875,5180,5441,5136,6182,5694,5243,5332,4815,-517,-451,1046,261
"1075",36047096600,3,"Brooklyn",3096600,1950813.58843,5617,5010,5594,6354,5709,5030,5351,4794,-557,-679,760,-607
"1076",36047096800,3,"Brooklyn",3096800,1603786.87373,6276,4523,5591,5331,6135,4760,5628,4713,-915,-1375,-260,-1753
"1077",36047097000,3,"Brooklyn",3097000,1759315.56853,4423,4291,4483,4328,4761,4211,4429,4353,-76,-550,-155,-132
"1078",36047097400,3,"Brooklyn",3097400,2712076.61346,11226,8349,11115,9343,11813,8466,11673,8291,-3382,-3347,-1772,-2877
"1079",36047098200,3,"Brooklyn",3098200,3723765.59587,7553,6047,7021,6523,7218,6575,7035,6198,-837,-643,-498,-1506
"1080",36047098400,3,"Brooklyn",3098400,1214786.59604,4142,3593,4037,3862,4102,4018,3645,3994,349,-84,-175,-549
"1081",36047098600,3,"Brooklyn",3098600,1677791.7311,4259,3570,4080,3550,4547,4069,4361,4135,-226,-478,-530,-689
"1082",36047098800,3,"Brooklyn",3098800,1743233.07518,4158,3274,4188,3639,4445,3632,4208,3483,-725,-813,-549,-884
"1083",36047099000,3,"Brooklyn",3099000,1762100.75514,4301,4134,4416,4453,4966,4557,4172,4281,109,-409,37,-167
"1084",36047099200,3,"Brooklyn",3099200,1448961.15208,2858,2987,2891,3516,3079,3478,2922,3871,949,399,625,129
"1085",36047099400,3,"Brooklyn",3099400,1872516.84171,3152,2729,3126,2947,3284,2725,3162,2598,-564,-559,-179,-423
"1086",36047099600,3,"Brooklyn",3099600,2043824.08427,4137,4800,4136,5583,4524,4985,4329,4744,415,461,1447,663
"1087",36047099800,3,"Brooklyn",3099800,4644482.75915,6948,5303,7133,5694,7100,5473,6422,5253,-1169,-1627,-1439,-1645
"1088",36047100400,3,"Brooklyn",3100400,1421504.28196,3747,3162,3747,3479,3568,3497,3219,3069,-150,-71,-268,-585
"1089",36047100600,3,"Brooklyn",3100600,1637144.02668,3598,2680,3928,3027,3690,2939,3233,2625,-608,-751,-901,-918
"1090",36047100800,3,"Brooklyn",3100800,1602833.09042,3516,2735,4075,3046,4374,3132,4194,2773,-1421,-1242,-1029,-781
"1091",36047101000,3,"Brooklyn",3101000,1844400.80374,4958,4010,5230,4662,5521,4365,4954,4309,-645,-1156,-568,-948
"1092",36047101200,3,"Brooklyn",3101200,1730658.08009,3202,2850,3496,3030,3538,3069,3552,2917,-635,-469,-466,-352
"1093",36047101400,3,"Brooklyn",3101400,1668038.39207,2419,1747,2401,2465,2471,2189,2156,2200,44,-282,64,-672
"1094",36047101600,3,"Brooklyn",3101600,1210060.236,1136,1202,1240,1228,1337,1027,1278,1132,-146,-310,-12,66
"1095",36047101800,3,"Brooklyn",3101800,2623263.45818,3631,3397,3905,3231,3852,3433,3562,3085,-477,-419,-674,-234
"1096",36047102000,3,"Brooklyn",3102000,1690995.00912,3059,2584,3399,2625,3193,2811,3152,2780,-372,-382,-774,-475
"1097",36047102200,3,"Brooklyn",3102200,1752586.493,4754,3816,4841,4129,4753,4138,4616,4145,-471,-615,-712,-938
"1098",36047102400,3,"Brooklyn",3102400,1540219.30836,3854,3172,4078,3594,3875,3395,3485,3203,-282,-480,-484,-682
"1099",36047102600,3,"Brooklyn",3102600,1462012.27588,4077,4084,4375,4618,4251,4276,3856,3968,112,25,243,7
"1100",36047102801,3,"Brooklyn",3102801,1660819.64831,6672,5266,7496,6341,6762,5958,6394,5729,-665,-804,-1155,-1406
"1101",36047102802,3,"Brooklyn",3102802,7231547.66536,2629,2164,3022,2966,2672,2274,1845,2013,168,-398,-56,-465
"1102",36047103401,3,"Brooklyn",3103401,1895802.64856,6172,4588,6155,5094,6509,4850,6501,4785,-1716,-1659,-1061,-1584
"1103",36047103402,3,"Brooklyn",3103402,4320501.52355,1982,1550,2205,1734,2046,1426,1674,1461,-213,-620,-471,-432
"1104",36047105801,3,"Brooklyn",3105801,4481506.73325,12466,10268,12508,11018,13331,11686,12700,11557,-1143,-1645,-1490,-2198
"1105",36047105804,3,"Brooklyn",3105804,7126198.47431,18913,16381,18570,15864,19883,17026,18883,17038,-1845,-2857,-2706,-2532
"1106",36047107001,3,"Brooklyn",3107001,13115505.99,51843,46661,50816,45621,53063,48987,47822,48042,220,-4076,-5195,-5182
"1107",36047107002,3,"Brooklyn",3107002,18284900.8484,960,919,890,804,324,986,209,970,761,662,-86,-41
"1108",36047107003,3,"Brooklyn",3107003,2363049.495,449,713,452,704,475,828,464,800,336,353,252,264
"1109",36047107800,3,"Brooklyn",3107800,5449475.79046,11059,8813,10951,9478,11539,8781,10216,8415,-1801,-2758,-1473,-2246
"1110",36047109800,3,"Brooklyn",3109800,9191378.32454,14894,15218,14248,15979,15110,14789,14194,14253,59,-321,1731,324
"1111",36047110400,3,"Brooklyn",3110400,7985790.25492,32451,33652,31159,34250,32233,33046,28515,33565,5050,813,3091,1201
"1112",36047110600,3,"Brooklyn",3110600,1841331.87641,5628,4641,5631,4954,6175,4727,5625,4712,-913,-1448,-677,-987
"1113",36047111000,3,"Brooklyn",3111000,1348388.7726,4143,3956,3751,4030,3777,3804,3617,3543,-74,27,279,-187
"1114",36047111600,3,"Brooklyn",3111600,5375937.0714,10493,8691,9732,10046,10809,9344,10195,9077,-1118,-1465,314,-1802
"1115",36047111800,3,"Brooklyn",3111800,1749948.97688,3708,3392,4014,3224,4546,3127,4395,2943,-1452,-1419,-790,-316
"1116",36047112000,3,"Brooklyn",3112000,1857817.18278,5514,5067,5075,5935,5423,5318,5286,5244,-42,-105,860,-447
"1117",36047112200,3,"Brooklyn",3112200,1747124.22715,4954,4426,4692,4736,4867,4347,4487,4194,-293,-520,44,-528
"1118",36047112400,3,"Brooklyn",3112400,1914338.80232,7831,6116,7434,6928,7820,5674,7119,5551,-1568,-2146,-506,-1715
"1119",36047112600,3,"Brooklyn",3112600,1813472.03368,7088,7595,7149,7664,7595,6947,6859,7063,204,-648,515,507
"1120",36047112800,3,"Brooklyn",3112800,1982798.03134,6641,6135,6474,6695,6714,6084,6122,5840,-282,-630,221,-506
"1121",36047113000,3,"Brooklyn",3113000,2086280.69839,4785,4389,4948,4607,5310,4386,5070,4509,-561,-924,-341,-396
"1122",36047113200,3,"Brooklyn",3113200,2109760.0289,4684,4142,4379,4458,4351,4432,4058,3947,-111,81,79,-542
"1123",36047113400,3,"Brooklyn",3113400,1651198.1307,4540,4783,4351,5653,5032,5066,5050,4687,-363,34,1302,243
"1124",36047114201,3,"Brooklyn",3114201,3226990.58605,9500,8256,8854,8294,9475,8514,9105,8388,-717,-961,-560,-1244
"1125",36047114202,3,"Brooklyn",3114202,1286732.38729,2641,2092,2617,2284,2824,2345,2763,2268,-495,-479,-333,-549
"1126",36047114400,3,"Brooklyn",3114400,4617590.29756,12283,11348,11286,12701,12568,11938,12943,11702,-1241,-630,1415,-935
"1127",36047114600,3,"Brooklyn",3114600,1723239.76911,4753,3907,4603,4139,4713,3639,4755,3887,-868,-1074,-464,-846
"1128",36047115000,3,"Brooklyn",3115000,1703334.40133,3883,3523,3731,3829,3976,3552,3895,3299,-596,-424,98,-360
"1129",36047115200,3,"Brooklyn",3115200,1788251.78144,5320,4373,5294,4641,5474,4456,5620,4504,-1116,-1018,-653,-947
"1130",36047115600,3,"Brooklyn",3115600,1720940.15711,6542,6063,6018,6401,6390,6042,6510,5800,-710,-348,383,-479
"1131",36047115800,3,"Brooklyn",3115800,1668175.87673,3564,2971,3386,3162,3994,3339,3867,3427,-440,-655,-224,-593
"1132",36047116000,3,"Brooklyn",3116000,1629832.62621,3021,2286,2872,2593,3038,2565,2749,2714,-35,-473,-279,-735
"1133",36047116200,3,"Brooklyn",3116200,1543810.12454,2775,2786,2676,2839,3180,2609,3071,2672,-399,-571,163,11
"1134",36047116400,3,"Brooklyn",3116400,1954432.43679,5194,4304,4870,5108,5662,4362,5660,4039,-1621,-1300,238,-890
"1135",36047116600,3,"Brooklyn",3116600,1715753.16069,5116,4010,5024,4761,5511,4203,5413,4185,-1228,-1308,-263,-1106
"1136",36047116800,3,"Brooklyn",3116800,1549247.99274,4078,3954,4112,3857,4615,3856,4767,3765,-1002,-759,-255,-124
"1137",36047117000,3,"Brooklyn",3117000,1653944.13235,4805,4519,4958,5199,5716,4735,5828,4748,-1080,-981,241,-286
"1138",36047117201,3,"Brooklyn",3117201,1390018.2168,3505,3874,3737,3878,4015,3546,3968,3435,-533,-469,141,369
"1139",36047117202,3,"Brooklyn",3117202,1634622.19469,3791,2906,3624,2964,3993,3362,3841,3415,-426,-631,-660,-885
"1140",36047117400,3,"Brooklyn",3117400,2295155.29174,9344,8429,9406,8705,9926,8581,9454,8665,-789,-1345,-701,-915
"1141",36047117601,3,"Brooklyn",3117601,1639988.19019,4537,4477,4120,4282,4621,4537,4694,4385,-309,-84,162,-60
"1142",36047117602,3,"Brooklyn",3117602,1548008.02094,5407,5486,5132,5855,5862,5750,5749,5628,-121,-112,723,79
"1143",36047117800,3,"Brooklyn",3117800,1528412.17249,4839,3866,4635,4047,4615,3638,4583,3223,-1360,-977,-588,-973
"1144",36047118000,3,"Brooklyn",3118000,8100960.29827,2327,3044,2584,2919,2625,3108,2595,3115,520,483,335,717
"1145",36047118201,3,"Brooklyn",3118201,1360340.15349,3486,3587,3400,3549,3602,3329,3576,3351,-225,-273,149,101
"1146",36047118202,3,"Brooklyn",3118202,1337869.81944,3811,4133,3861,3775,3763,3946,3758,3757,-1,183,-86,322
"1147",36047118400,3,"Brooklyn",3118400,2204317.88735,8334,7247,8035,7190,8522,7167,7928,7191,-737,-1355,-845,-1087
"1148",36047118600,3,"Brooklyn",3118600,1415207.50594,3503,3858,3528,3461,3537,3883,3298,3581,283,346,-67,355
"1149",36047118800,3,"Brooklyn",3118800,1877213.4598,9226,9325,9321,9514,9350,9615,8809,9474,665,265,193,99
"1150",36047119000,3,"Brooklyn",3119000,1510640.52318,7066,6680,7085,7483,6891,7441,6546,6765,219,550,398,-386
"1151",36047119200,3,"Brooklyn",3119200,2421479.27467,6679,5027,6423,5564,6377,5875,6407,5927,-480,-502,-859,-1652
"1152",36047119400,3,"Brooklyn",3119400,1964535.95445,5401,4939,5342,5477,5848,4916,5792,4545,-1247,-932,135,-462
"1153",36047119600,3,"Brooklyn",3119600,3290843.75605,14596,11884,14214,12764,15566,11297,15368,11003,-4365,-4269,-1450,-2712
"1154",36047119800,3,"Brooklyn",3119800,3527651.37982,17052,16804,15824,18000,17218,16520,17245,16967,-278,-698,2176,-248
"1155",36047120000,3,"Brooklyn",3120000,1623804.08929,6789,7222,6588,7435,7275,7664,6409,7048,639,389,847,433
"1156",36047120200,3,"Brooklyn",3120200,1641233.53875,5753,5595,5790,6043,6021,5933,5884,5605,-279,-88,253,-158
"1157",36047120801,3,"Brooklyn",3120801,2167971.93375,5051,4669,5064,4845,5857,4888,5325,4580,-745,-969,-219,-382
"1158",36047120802,3,"Brooklyn",3120802,1268359.45658,4240,3769,4240,3867,4288,3237,4092,3444,-648,-1051,-373,-471
"1159",36047120803,3,"Brooklyn",3120803,1665738.94308,4746,4368,4421,4648,4954,4157,4508,4131,-377,-797,227,-378
"1160",36047121000,3,"Brooklyn",3121000,1716806.54813,4003,3827,4125,4138,4341,3963,4184,3521,-663,-378,13,-176
"1161",36047121400,3,"Brooklyn",3121400,1864053.89531,3898,4657,3928,4210,4556,4037,4373,4327,-46,-519,282,759
"1162",36047122000,3,"Brooklyn",3122000,11487294.485,17512,14331,17986,14316,18770,14720,18761,15162,-3599,-4050,-3670,-3181
"1163",36047123700,3,"Brooklyn",3123700,3459462.47765,5619,4794,5654,3823,6314,4649,6588,4504,-2084,-1665,-1831,-825
"1164",36047150200,3,"Brooklyn",3150200,3430773.69343,5022,4806,4888,4593,7047,5675,6482,5922,-560,-1372,-295,-216
"1165",36047152200,3,"Brooklyn",3152200,4196763.28246,8595,7705,8886,7892,9487,8018,9471,8137,-1334,-1469,-994,-890
"1166",36061000100,1,"Manhattan",1000100,1843004.52241,4256,2093,5425,3444,5846,1898,3894,828,-3066,-3948,-1981,-2163
"1167",36061000201,1,"Manhattan",1000201,972312.140355,3484,8746,3567,9331,3724,7287,3696,3143,-553,3563,5764,5262
"1168",36061000202,1,"Manhattan",1000202,3315114.285,7283,7856,7273,9145,7632,8349,7497,6685,-812,717,1872,573
"1169",36061000500,1,"Manhattan",1000500,9069851.60616,3096,1796,3095,2253,3054,1867,2603,1646,-957,-1187,-842,-1300
"1170",36061000600,1,"Manhattan",1000600,2582705.15746,13668,14625,13789,15102,13842,13633,14143,12158,-1985,-209,1313,957
"1171",36061000700,1,"Manhattan",1000700,2439446.16761,31105,14850,34068,16638,35635,14707,35881,13518,-22363,-20928,-17430,-16255
"1172",36061000800,1,"Manhattan",1000800,2377774.57487,13249,13605,13500,14192,13418,12460,13511,12160,-1351,-958,692,356
"1173",36061000900,1,"Manhattan",1000900,3130256.32566,39347,18671,42392,21033,45300,18474,46728,15789,-30939,-26826,-21359,-20676
"1174",36061001001,1,"Manhattan",1001001,880264.044218,2138,1800,2151,2088,2287,1960,2365,1977,-388,-327,-63,-338
"1175",36061001002,1,"Manhattan",1001002,2195050.14204,5380,4558,5067,5715,5454,4862,5611,5014,-597,-592,648,-822
"1176",36061001200,1,"Manhattan",1001200,1298211.21725,4735,4224,4545,4880,4809,4848,5046,4740,-306,39,335,-511
"1177",36061001300,1,"Manhattan",1001300,3413079.31359,62443,30648,71392,38191,71379,28917,69119,23694,-45425,-42462,-33201,-31795
"1178",36061001401,1,"Manhattan",1001401,1006116.58429,5371,4918,4912,5571,5224,5468,5379,5130,-249,244,659,-453
"1179",36061001402,1,"Manhattan",1001402,1226206.24719,8440,7413,7695,7717,8009,7229,7833,6827,-1006,-780,22,-1027
"1180",36061001501,1,"Manhattan",1001501,2955567.68399,29330,19950,30014,22095,31130,18586,30917,16929,-13988,-12544,-7919,-9380
"1181",36061001502,1,"Manhattan",1001502,2245047.4496,29235,16649,30542,18103,31836,15801,31266,14205,-17061,-16035,-12439,-12586
"1182",36061001600,1,"Manhattan",1001600,2232591.52568,25365,22306,23529,24519,23416,22463,23920,21091,-2829,-953,990,-3059
"1183",36061001800,1,"Manhattan",1001800,2399276.86435,34638,28786,32209,30560,33965,28123,34546,24122,-10424,-5842,-1649,-5852
"1184",36061002000,1,"Manhattan",1002000,1387290.12348,3516,3197,3824,3587,3886,3563,3910,3759,-151,-323,-237,-319
"1185",36061002100,1,"Manhattan",1002100,2560061.35413,32966,19587,33692,20849,35920,19639,38741,17794,-20947,-16281,-12843,-13379
"1186",36061002201,1,"Manhattan",1002201,1740173.87581,7259,6133,7012,7035,7655,6257,8302,6464,-1838,-1398,23,-1126
"1187",36061002202,1,"Manhattan",1002202,603922.204241,2568,1708,2382,1871,2511,1953,2745,1903,-842,-558,-511,-860
"1188",36061002400,1,"Manhattan",1002400,1863566.81727,3652,4015,3503,4220,3705,3856,3708,3714,6,151,717,363
"1189",36061002500,1,"Manhattan",1002500,1408269.91443,5273,4541,5433,4998,5569,4017,5570,4047,-1523,-1552,-435,-732
"1190",36061002601,1,"Manhattan",1002601,1141217.52723,3586,3435,3527,3396,3969,3491,4075,3520,-555,-478,-131,-151
"1191",36061002602,1,"Manhattan",1002602,1114857.11794,3693,3094,3461,3266,3858,3621,3856,3401,-455,-237,-195,-599
"1192",36061002700,1,"Manhattan",1002700,641369.164757,4156,3432,4066,3774,4139,3570,4226,3488,-738,-569,-292,-724
"1193",36061002800,1,"Manhattan",1002800,1973678.4679,5661,5463,5410,5871,5900,5548,6437,5080,-1357,-352,461,-198
"1194",36061002901,1,"Manhattan",1002901,1561370.41705,12837,8207,13016,8942,13663,8381,14207,7559,-6648,-5282,-4074,-4630
"1195",36061002902,1,"Manhattan",1002902,1327605.15437,19221,15603,18718,17582,19170,14446,18431,13490,-4941,-4724,-1136,-3618
"1196",36061003001,1,"Manhattan",1003001,1330481.61766,16055,13554,14873,15062,15634,13329,14961,11112,-3849,-2305,189,-2501
"1197",36061003002,1,"Manhattan",1003002,841097.867635,6676,5785,6203,6512,6522,5817,6595,4918,-1677,-705,309,-891
"1198",36061003100,1,"Manhattan",1003100,2207015.16735,26334,16650,27314,18154,28500,16195,28082,13843,-14239,-12305,-9160,-9684
"1199",36061003200,1,"Manhattan",1003200,2335526.62183,12062,10400,11498,11251,12658,11345,13390,10879,-2511,-1313,-247,-1662
"1200",36061003300,1,"Manhattan",1003300,3677727.64346,29914,23602,30756,25028,34340,25777,36718,22799,-13919,-8563,-5728,-6312
"1201",36061003400,1,"Manhattan",1003400,1718451.58588,10615,9812,10193,9574,11380,9158,11863,8990,-2873,-2222,-619,-803
"1202",36061003601,1,"Manhattan",1003601,1082296.16558,7781,5761,7346,6286,8029,5024,7966,4312,-3654,-3005,-1060,-2020
"1203",36061003602,1,"Manhattan",1003602,961070.500061,7819,7210,7809,7692,8431,6928,8434,6529,-1905,-1503,-117,-609
"1204",36061003700,1,"Manhattan",1003700,4116364.29736,30334,25986,30114,27929,32620,25992,31749,21293,-10456,-6628,-2185,-4348
"1205",36061003800,1,"Manhattan",1003800,2180047.43844,15987,15261,16022,15995,16511,15042,16709,14904,-1805,-1469,-27,-726
"1206",36061003900,1,"Manhattan",1003900,3571006.25669,19631,14190,19192,15474,22504,16635,23403,14684,-8719,-5869,-3718,-5441
"1207",36061004001,1,"Manhattan",1004001,995026.137296,7155,6239,7167,6040,7677,5670,7765,6010,-1755,-2007,-1127,-916
"1208",36061004002,1,"Manhattan",1004002,932610.986207,7005,7167,6739,6139,7244,5707,7619,5975,-1644,-1537,-600,162
"1209",36061004100,1,"Manhattan",1004100,2058611.77685,33542,30205,32525,34744,32855,31003,31228,29208,-2020,-1852,2219,-3337
"1210",36061004200,1,"Manhattan",1004200,930411.44248,9556,9411,9318,7690,9562,7512,10718,7693,-3025,-2050,-1628,-145
"1211",36061004300,1,"Manhattan",1004300,1605585.00792,17275,14248,17913,15364,19297,13653,17811,12920,-4891,-5644,-2549,-3027
"1212",36061004400,1,"Manhattan",1004400,4277834.69893,12062,11243,11932,11080,13253,10588,14486,10287,-4199,-2665,-852,-819
"1213",36061004500,1,"Manhattan",1004500,1129524.33978,17421,11388,16921,12565,17657,11304,16990,9334,-7656,-6353,-4356,-6033
"1214",36061004700,1,"Manhattan",1004700,1780551.0658,17797,14118,17390,15928,19715,14773,18378,13233,-5145,-4942,-1462,-3679
"1215",36061004800,1,"Manhattan",1004800,1920852.09121,10116,9537,9953,8732,10389,8799,12207,8976,-3231,-1590,-1221,-579
"1216",36061004900,1,"Manhattan",1004900,2226124.32265,16950,13862,16671,15777,18172,14364,17661,12775,-4886,-3808,-894,-3088
"1217",36061005000,1,"Manhattan",1005000,1793935.47977,15637,10914,14846,10604,17338,10879,19910,10639,-9271,-6459,-4242,-4723
"1218",36061005200,1,"Manhattan",1005200,1815428.99169,33587,20957,33242,21882,37053,22801,35711,20658,-15053,-14252,-11360,-12630
"1219",36061005400,1,"Manhattan",1005400,1809255.65823,16628,11964,16147,11963,18443,11516,18932,12671,-6261,-6927,-4184,-4664
"1220",36061005501,1,"Manhattan",1005501,1338496.76795,6901,5121,7420,5448,8268,5090,9135,5012,-4123,-3178,-1972,-1780
"1221",36061005502,1,"Manhattan",1005502,1243017.22804,14508,10002,12896,11811,14295,11092,14862,10242,-4620,-3203,-1085,-4506
"1222",36061005600,1,"Manhattan",1005600,1878253.48966,26087,17542,26076,18349,27933,18016,28441,14268,-14173,-9917,-7727,-8545
"1223",36061005700,1,"Manhattan",1005700,1159594.63236,12519,9614,12712,9217,13523,8536,14094,8241,-5853,-4987,-3495,-2905
"1224",36061005800,1,"Manhattan",1005800,1879679.38883,24106,17741,24053,18123,26712,17437,26680,16701,-9979,-9275,-5930,-6365
"1225",36061005900,1,"Manhattan",1005900,1250316.20744,7132,5707,6886,4753,7218,4901,8159,5488,-2671,-2317,-2133,-1425
"1226",36061006000,1,"Manhattan",1006000,1297728.46489,3471,3001,3400,3348,4115,3129,4370,3042,-1328,-986,-52,-470
"1227",36061006100,1,"Manhattan",1006100,1528504.22529,16464,13208,16421,12068,17493,13032,17440,11878,-5562,-4461,-4353,-3256
"1228",36061006200,1,"Manhattan",1006200,3167924.51294,18525,18000,17372,17742,18947,19194,20124,19940,-184,247,370,-525
"1229",36061006300,1,"Manhattan",1006300,1918265.47759,10096,8701,10195,8224,11684,8554,11924,7774,-4150,-3130,-1971,-1395
"1230",36061006400,1,"Manhattan",1006400,1934407.85641,10209,9528,10514,9784,11593,9849,12497,10098,-2399,-1744,-730,-681
"1231",36061006500,1,"Manhattan",1006500,2167367.11549,19716,16197,19630,16769,22045,16607,21618,15279,-6339,-5438,-2861,-3519
"1232",36061006600,1,"Manhattan",1006600,1880521.00138,12540,10963,12145,11042,13098,11038,13747,11166,-2581,-2060,-1103,-1577
"1233",36061006700,1,"Manhattan",1006700,1812883.02278,10480,9708,11128,10523,12883,10261,12353,9245,-3108,-2622,-605,-772
"1234",36061006800,1,"Manhattan",1006800,1877720.93515,18701,13162,17971,12603,19321,12934,21410,12957,-8453,-6387,-5368,-5539
"1235",36061006900,1,"Manhattan",1006900,2362610.04716,7669,5761,7662,5919,9561,6124,8735,6030,-2705,-3437,-1743,-1908
"1236",36061007001,1,"Manhattan",1007001,967528.063609,5801,5081,5339,5153,6056,5880,6282,5925,-357,-176,-186,-720
"1237",36061007002,1,"Manhattan",1007002,941181.266394,6955,6108,6691,6279,7529,6169,7287,6259,-1028,-1360,-412,-847
"1238",36061007100,1,"Manhattan",1007100,1774264.3421,11647,8397,12216,9167,15641,9907,14556,8476,-6080,-5734,-3049,-3250
"1239",36061007200,1,"Manhattan",1007200,1877428.79582,22933,17636,21772,16692,24096,17690,23945,16761,-7184,-6406,-5080,-5297
"1240",36061007300,1,"Manhattan",1007300,1778587.97432,8412,6526,8899,7560,11885,7750,9864,7071,-2793,-4135,-1339,-1886
"1241",36061007400,1,"Manhattan",1007400,1879420.44891,24343,17752,22880,17998,24820,18039,24606,16447,-8159,-6781,-4882,-6591
"1242",36061007500,1,"Manhattan",1007500,1778285.53026,4663,3961,4718,4252,6474,4768,5873,4354,-1519,-1706,-466,-702
"1243",36061007600,1,"Manhattan",1007600,1873518.14596,39817,26886,41235,29746,43881,26994,40636,23051,-17585,-16887,-11489,-12931
"1244",36061007700,1,"Manhattan",1007700,1924995.85467,10286,7722,10846,8792,12866,8151,12416,7618,-4798,-4715,-2054,-2564
"1245",36061007800,1,"Manhattan",1007800,1912109.89721,14090,12495,13657,13201,15184,13560,15664,13326,-2338,-1624,-456,-1595
"1246",36061007900,1,"Manhattan",1007900,2861047.6223,16950,15643,16634,18341,18964,17000,17467,12893,-4574,-1964,1707,-1307
"1247",36061008000,1,"Manhattan",1008000,1855976.69853,24790,15365,24979,15575,26383,15640,25767,13812,-11955,-10743,-9404,-9425
"1248",36061008100,1,"Manhattan",1008100,1875912.49868,12227,8650,12602,9709,14639,9264,14509,9105,-5404,-5375,-2893,-3577
"1249",36061008200,1,"Manhattan",1008200,1856719.42016,23978,14889,23176,16211,23971,15925,23657,12582,-11075,-8046,-6965,-9089
"1250",36061008300,1,"Manhattan",1008300,1873011.55559,24425,15121,24586,17439,28392,15396,28422,12076,-16346,-12996,-7147,-9304
"1251",36061008400,1,"Manhattan",1008400,1862741.7982,32415,21315,32574,23396,33499,21457,32140,18277,-13863,-12042,-9178,-11100
"1252",36061008601,1,"Manhattan",1008601,1239411.11724,7609,7551,7006,8026,7528,8018,6844,7626,782,490,1020,-58
"1253",36061008602,1,"Manhattan",1008602,1091249.97041,2788,1353,2897,1472,3192,1465,3428,1367,-2061,-1727,-1425,-1435
"1254",36061008603,1,"Manhattan",1008603,1252406.90818,5024,4388,4759,5094,5334,5578,5676,5796,120,244,335,-636
"1255",36061008700,1,"Manhattan",1008700,1780834.06535,10588,8700,10911,9045,12785,9371,12343,8807,-3536,-3414,-1866,-1888
"1256",36061008800,1,"Manhattan",1008800,1929071.60138,17946,13167,17714,13947,18603,12907,18834,11785,-7049,-5696,-3767,-4779
"1257",36061008900,1,"Manhattan",1008900,1782674.05105,6218,4687,6179,5301,7603,5288,7732,4843,-2889,-2315,-878,-1531
"1258",36061009000,1,"Manhattan",1009000,1882584.35324,14952,11661,15409,11935,16055,11941,16411,11558,-4853,-4114,-3474,-3291
"1259",36061009100,1,"Manhattan",1009100,1927040.12601,19299,14275,19650,14849,22321,14531,22085,12415,-9670,-7790,-4801,-5024
"1260",36061009200,1,"Manhattan",1009200,2118430.84368,54391,23610,56118,27067,57365,24347,57810,19111,-38699,-33018,-29051,-30781
"1261",36061009300,1,"Manhattan",1009300,1929422.57462,9437,6477,9895,7116,12098,7160,12308,6568,-5740,-4938,-2779,-2960
"1262",36061009400,1,"Manhattan",1009400,1646379.21085,29595,13951,31750,14859,33000,14918,32776,11735,-21041,-18082,-16891,-15644
"1263",36061009500,1,"Manhattan",1009500,1851171.24881,19942,12980,20758,12760,21728,11584,23067,10472,-12595,-10144,-7998,-6962
"1264",36061009600,1,"Manhattan",1009600,1887288.38572,32306,21215,32861,21661,33410,20433,33474,18728,-14746,-12977,-11200,-11091
"1265",36061009700,1,"Manhattan",1009700,1860581.09401,7136,5524,7156,6329,8070,5694,7854,5084,-2770,-2376,-827,-1612
"1266",36061009800,1,"Manhattan",1009800,1906396.56071,17415,12692,17311,12934,18251,12906,18020,12578,-5442,-5345,-4377,-4723
"1267",36061009901,1,"Manhattan",1009901,4211423.91862,16328,11728,16026,13240,19943,13927,19986,12288,-7698,-6016,-2786,-4600
"1268",36061009902,1,"Manhattan",1009902,2006894.84252,11673,7062,11856,8353,13710,7477,12890,6161,-6729,-6233,-3503,-4611
"1269",36061009903,1,"Manhattan",1009903,4533958.76994,32241,21992,31717,27226,35485,23598,34351,19927,-14424,-11887,-4491,-10249
"1270",36061010000,1,"Manhattan",1010000,1859881.00494,33942,17887,33892,19803,35135,18507,35291,15869,-19422,-16628,-14089,-16055
"1271",36061010100,1,"Manhattan",1010100,1891377.98652,67885,36168,69175,37598,70768,34427,69547,28056,-41491,-36341,-31577,-31717
"1272",36061010200,1,"Manhattan",1010200,1860992.68904,29154,15972,29372,17352,31145,17035,30981,13455,-17526,-14110,-12020,-13182
"1273",36061010300,1,"Manhattan",1010300,1875852.82348,21018,16152,21445,16757,22449,15388,22980,12202,-10778,-7061,-4688,-4866
"1274",36061010400,1,"Manhattan",1010400,1864600.36943,30165,18915,32911,20752,34972,18798,34832,15690,-19142,-16174,-12159,-11250
"1275",36061010601,1,"Manhattan",1010601,1313234.83747,5496,6093,5020,5832,5911,6781,6106,7394,1288,870,812,597
"1276",36061010602,1,"Manhattan",1010602,1336810.85263,8893,8653,8216,8487,9426,9333,9362,9371,9,-93,271,-240
"1277",36061010801,1,"Manhattan",1010801,763140.638222,8485,6249,8135,6138,8474,6523,8793,6210,-2583,-1951,-1997,-2236
"1278",36061010802,1,"Manhattan",1010802,617743.754913,3379,3137,3191,3018,3653,3634,3719,3644,-75,-19,-173,-242
"1279",36061010803,1,"Manhattan",1010803,583083.686492,5072,4387,5073,4191,5692,4846,5936,4870,-1066,-846,-882,-685
"1280",36061010900,1,"Manhattan",1010900,1891364.51329,40879,25833,44023,27029,47118,25939,44846,22627,-22219,-21179,-16994,-15046
"1281",36061011000,1,"Manhattan",1011000,1901324.29032,16488,14693,15836,14953,18241,16057,17573,15769,-1804,-2184,-883,-1795
"1282",36061011100,1,"Manhattan",1011100,1889083.36876,24022,18705,27099,20965,28573,19145,27831,14943,-12888,-9428,-6134,-5317
"1283",36061011201,1,"Manhattan",1011201,856164.278256,12672,9179,12709,9352,13167,9373,12827,8080,-4747,-3794,-3357,-3493
"1284",36061011202,1,"Manhattan",1011202,839525.673026,11457,7827,11420,8269,12267,8604,12788,7186,-5602,-3663,-3151,-3630
"1285",36061011203,1,"Manhattan",1011203,841193.010068,13253,9227,12768,9182,13997,9344,14118,8516,-5602,-4653,-3586,-4026
"1286",36061011300,1,"Manhattan",1011300,1890907.26841,62950,35625,65770,38848,63107,33001,60913,27688,-33225,-30106,-26922,-27325
"1287",36061011401,1,"Manhattan",1011401,1060696.27738,11110,9438,11424,9343,13392,10627,14079,9643,-4436,-2765,-2081,-1672
"1288",36061011402,1,"Manhattan",1011402,1063547.35349,14279,10968,14173,11203,16378,11839,16678,11347,-5331,-4539,-2970,-3311
"1289",36061011500,1,"Manhattan",1011500,1889849.28657,61490,35301,62044,38230,65481,33495,64674,27377,-37297,-31986,-23814,-26189
"1290",36061011600,1,"Manhattan",1011600,2117552.78542,18989,15869,17592,16581,17237,16511,19037,16245,-2792,-726,-1011,-3120
"1291",36061011700,1,"Manhattan",1011700,2125062.02578,15244,12350,15704,12947,16723,12868,15838,9800,-6038,-3855,-2757,-2894
"1292",36061011800,1,"Manhattan",1011800,1903276.16599,14012,11948,13038,11932,15253,13835,16500,14340,-2160,-1418,-1106,-2064
"1293",36061011900,1,"Manhattan",1011900,1911310.687,61635,36502,70325,43072,69098,32533,61400,24194,-37206,-36565,-27253,-25133
"1294",36061012000,1,"Manhattan",1012000,1862415.5113,15431,12711,14977,11657,17842,13528,21025,13281,-7744,-4314,-3320,-2720
"1295",36061012101,1,"Manhattan",1012101,959570.57603,19601,10267,20747,11794,22314,9578,20276,8147,-12129,-12736,-8953,-9334
"1296",36061012102,1,"Manhattan",1012102,959890.059289,6579,5058,7077,5435,8269,5069,7886,4445,-3441,-3200,-1642,-1521
"1297",36061012200,1,"Manhattan",1012200,1857829.44403,8292,7761,8032,8115,10263,9021,10547,8872,-1675,-1242,83,-531
"1298",36061012400,1,"Manhattan",1012400,1847564.37668,17781,16859,17308,16794,17836,19220,19035,19333,298,1384,-514,-922
"1299",36061012500,1,"Manhattan",1012500,1875481.30316,59274,32985,65917,39384,66734,30091,60153,22079,-38074,-36643,-26533,-26289
"1300",36061012601,1,"Manhattan",1012601,1015522.49459,7229,5726,7092,5660,7971,7184,8627,7446,-1181,-787,-1432,-1503
"1301",36061012602,1,"Manhattan",1012602,960965.25201,7937,7608,7583,7180,8965,8553,9949,8672,-1277,-412,-403,-329
"1302",36061012700,1,"Manhattan",1012700,1872371.15965,16765,11040,17889,12342,21952,9754,20063,8088,-11975,-12198,-5547,-5725
"1303",36061012800,1,"Manhattan",1012800,1924402.67751,13380,11922,13278,11157,15925,14566,17479,15845,-1634,-1359,-2121,-1458
"1304",36061012901,1,"Manhattan",1012901,2303134.24977,17164,13185,17906,14177,19235,13416,18159,10759,-7400,-5819,-3729,-3979
"1305",36061012902,1,"Manhattan",1012902,2063182.36022,10541,6107,10764,6823,11972,6972,10748,5653,-5095,-5000,-3941,-4434
"1306",36061013000,1,"Manhattan",1013000,1918144.60557,9958,8891,9867,8265,11934,10550,13682,10895,-2787,-1384,-1602,-1067
"1307",36061013100,1,"Manhattan",1013100,1874645.76618,41243,22866,46999,25748,48017,20386,44707,15298,-29409,-27631,-21251,-18377
"1308",36061013201,1,"Manhattan",1013201,839787.97446,2941,2809,2938,2991,3455,3641,4031,3818,-213,186,53,-132
"1309",36061013202,1,"Manhattan",1013202,727876.704945,2359,2280,2344,2318,2723,2786,2902,2793,-109,63,-26,-79
"1310",36061013203,1,"Manhattan",1013203,580532.968698,3289,2774,3124,2750,3872,3379,4128,3723,-405,-493,-374,-515
"1311",36061013300,1,"Manhattan",1013300,1876670.07208,12575,8900,14206,9670,17500,8355,16239,7288,-8951,-9145,-4536,-3675
"1312",36061013400,1,"Manhattan",1013400,1956780.69997,12293,11078,11949,10945,14196,12825,15246,13869,-1377,-1371,-1004,-1215
"1313",36061013501,1,"Manhattan",1013501,2175808.69657,8331,6064,8729,6579,9713,6592,9390,5630,-3760,-3121,-2150,-2267
"1314",36061013502,1,"Manhattan",1013502,2326895.58856,10792,8014,10270,8398,12122,8187,12498,7465,-5033,-3935,-1872,-2778
"1315",36061013601,1,"Manhattan",1013601,400550.316304,1785,1490,1635,1843,2334,2015,2790,2314,-476,-319,208,-295
"1316",36061013602,1,"Manhattan",1013602,607002.755157,3298,3047,3027,3253,3629,4322,3843,4197,354,693,226,-251
"1317",36061013603,1,"Manhattan",1013603,579210.508339,3299,2963,3065,2854,3666,3996,3907,4129,222,330,-211,-336
"1318",36061013604,1,"Manhattan",1013604,771854.003717,4244,3792,4046,3988,4949,4654,5251,4754,-497,-295,-58,-452
"1319",36061013700,1,"Manhattan",1013700,2434387.92434,46148,29579,50061,32861,52035,28736,51789,25135,-26654,-23299,-17200,-16569
"1320",36061013800,1,"Manhattan",1013800,1959555.77821,13831,12150,13278,11880,15556,14200,15724,14206,-1518,-1356,-1398,-1681
"1321",36061013900,1,"Manhattan",1013900,1954943.59023,14459,8780,14922,8880,16781,8498,17449,7845,-9604,-8283,-6042,-5679
"1322",36061014000,1,"Manhattan",1014000,1925984.24386,12412,11302,11851,10495,14140,14308,15691,15028,-663,168,-1356,-1110
"1323",36061014200,1,"Manhattan",1014200,1927688.31926,10519,11061,11209,9987,13238,13420,15616,14712,-904,182,-1222,542
"1324",36061014300,1,"Manhattan",1014300,38312378.7978,52328,47939,58835,54545,62713,52833,55487,51198,-4289,-9880,-4290,-4389
"1325",36061014401,1,"Manhattan",1014401,807979.699586,3637,3174,3300,3131,4153,3871,4743,3876,-867,-282,-169,-463
"1326",36061014402,1,"Manhattan",1014402,1878963.53306,6631,5047,5926,5149,7618,6552,7990,6912,-1078,-1066,-777,-1584
"1327",36061014500,1,"Manhattan",1014500,1899180.81673,22429,16353,23499,16015,26075,15679,27022,15077,-11945,-10396,-7484,-6076
"1328",36061014601,1,"Manhattan",1014601,799778.07503,8260,6660,7634,7162,9043,7892,9583,7639,-1944,-1151,-472,-1600
"1329",36061014602,1,"Manhattan",1014602,1175299.121,10387,7659,9758,7522,11193,8997,11486,8961,-2525,-2196,-2236,-2728
"1330",36061014700,1,"Manhattan",1014700,703936.204234,4230,3258,3873,2823,4516,3378,5986,3578,-2408,-1138,-1050,-972
"1331",36061014801,1,"Manhattan",1014801,559215.97959,7257,5428,6992,5324,8169,7577,9216,7582,-1634,-592,-1668,-1829
"1332",36061014802,1,"Manhattan",1014802,1351072.74864,14255,10412,13328,10743,15473,13869,17116,14094,-3022,-1604,-2585,-3843
"1333",36061014900,1,"Manhattan",1014900,1880350.1967,11684,8509,13257,8855,16380,9352,17501,9260,-8241,-7028,-4402,-3175
"1334",36061015001,1,"Manhattan",1015001,556354.460363,3848,3840,3815,3670,4619,4645,5474,5386,-88,26,-145,-8
"1335",36061015002,1,"Manhattan",1015002,1352304.14647,7264,7690,7929,7064,9641,9683,10967,10292,-675,42,-865,426
"1336",36061015101,1,"Manhattan",1015101,1179802.65734,3442,3411,3386,3303,4706,3166,6026,3486,-2540,-1540,-83,-31
"1337",36061015102,1,"Manhattan",1015102,2391493.14574,7285,7045,7278,7138,8988,8204,10685,8883,-1802,-784,-140,-240
"1338",36061015200,1,"Manhattan",1015200,1963680.63811,9395,8235,9039,9065,10401,10819,10460,11398,938,418,26,-1160
"1339",36061015301,1,"Manhattan",1015301,934986.551944,3376,2786,3469,2898,4037,3189,4413,3518,-895,-848,-571,-590
"1340",36061015302,1,"Manhattan",1015302,938455.16746,6947,5830,7543,6649,8194,7231,8991,6731,-2260,-963,-894,-1117
"1341",36061015401,1,"Manhattan",1015401,763019.686876,3897,4002,3590,4081,4339,3975,4629,3931,-698,-364,491,105
"1342",36061015402,1,"Manhattan",1015402,590439.348123,2984,2582,2887,2616,3410,2825,3432,2945,-487,-585,-271,-402
"1343",36061015403,1,"Manhattan",1015403,555763.313203,4741,3939,4290,4094,5301,4728,5748,4849,-899,-573,-196,-802
"1344",36061015501,1,"Manhattan",1015501,928265.538275,2964,2926,2938,2780,3572,3410,3847,3327,-520,-162,-158,-38
"1345",36061015502,1,"Manhattan",1015502,1107525.48677,3956,3409,3984,3966,4693,4338,4804,4464,-340,-355,-18,-547
"1346",36061015601,1,"Manhattan",1015601,791936.964941,7806,6702,7674,6730,8601,7278,8839,7191,-1648,-1323,-944,-1104
"1347",36061015602,1,"Manhattan",1015602,1169910.01639,6319,5448,6207,5495,6313,5623,6616,5631,-985,-690,-712,-871
"1348",36061015700,1,"Manhattan",1015700,1958586.74025,10503,8854,10887,9419,12208,10273,12751,9772,-2979,-1935,-1468,-1649
"1349",36061015801,1,"Manhattan",1015801,1353075.76216,6642,5492,6627,5492,7808,6652,8368,6560,-1808,-1156,-1135,-1150
"1350",36061015802,1,"Manhattan",1015802,551587.644154,4463,3418,4502,3171,5004,3942,5515,3723,-1792,-1062,-1331,-1045
"1351",36061015900,1,"Manhattan",1015900,1874866.35165,10042,8645,10934,8493,13195,9467,13755,9672,-4083,-3728,-2441,-1397
"1352",36061016001,1,"Manhattan",1016001,1352632.29778,5597,5120,5820,5285,7714,7777,10244,8706,-1538,63,-535,-477
"1353",36061016002,1,"Manhattan",1016002,554133.190156,4387,3535,4255,3875,4496,4550,4785,4517,-268,54,-380,-852
"1354",36061016100,1,"Manhattan",1016100,1677359.66531,4733,4365,4957,4512,6296,5273,6827,5000,-1827,-1023,-445,-368
"1355",36061016200,1,"Manhattan",1016200,2927429.50858,8874,7481,8072,8443,9527,7537,9582,7745,-1837,-1990,371,-1393
"1356",36061016300,1,"Manhattan",1016300,2861363.31987,9234,8069,9621,8218,11492,8910,11744,9039,-2705,-2582,-1403,-1165
"1357",36061016400,1,"Manhattan",1016400,1911300.53077,7081,6816,6402,6981,7463,6166,7637,5721,-1916,-1297,579,-265
"1358",36061016500,1,"Manhattan",1016500,2199114.59964,12008,10226,14559,12470,14888,11088,14076,9533,-4543,-3800,-2089,-1782
"1359",36061016600,1,"Manhattan",1016600,1871913.93572,9885,8199,9744,8721,10185,7704,10167,7575,-2592,-2481,-1023,-1686
"1360",36061016700,1,"Manhattan",1016700,2195045.97835,9021,8069,9324,8218,11100,9204,11335,9376,-1959,-1896,-1106,-952
"1361",36061016800,1,"Manhattan",1016800,2151969.42963,19280,15503,18386,16060,18504,16837,19650,15911,-3739,-1667,-2326,-3777
"1362",36061016900,1,"Manhattan",1016900,1937087.87968,6870,7191,6944,7398,8881,8080,9699,8047,-1652,-801,454,321
"1363",36061017000,1,"Manhattan",1017000,1969157.88721,7862,7831,7584,8211,8436,8157,8841,8305,-536,-279,627,-31
"1364",36061017100,1,"Manhattan",1017100,2262383.01448,7973,8219,8360,8280,10120,8955,10589,9475,-1114,-1165,-80,246
"1365",36061017200,1,"Manhattan",1017200,1912754.75565,9426,8700,8969,9064,10621,8107,11269,8204,-3065,-2514,95,-726
"1366",36061017300,1,"Manhattan",1017300,1921881.19268,7342,6301,7268,6533,8670,7596,10473,8334,-2139,-1074,-735,-1041
"1367",36061017401,1,"Manhattan",1017401,1086203.70933,4083,3835,4254,4183,4484,3528,4602,3312,-1290,-956,-71,-248
"1368",36061017402,1,"Manhattan",1017402,547579.126726,1993,1598,1928,1610,2245,1240,2125,1476,-649,-1005,-318,-395
"1369",36061017500,1,"Manhattan",1017500,2318094.02317,8467,7590,7906,7659,9554,8641,10751,9118,-1633,-913,-247,-877
"1370",36061017700,1,"Manhattan",1017700,1878929.74708,6730,6757,5813,6900,7785,7614,10938,8152,-2786,-171,1087,27
"1371",36061017800,1,"Manhattan",1017800,2663052.14918,11043,10666,10497,11479,12181,11178,11788,11040,-748,-1003,982,-377
"1372",36061017900,1,"Manhattan",1017900,2278484.15436,7151,6584,7011,6541,8672,7374,9412,8031,-1381,-1298,-470,-567
"1373",36061018000,1,"Manhattan",1018000,2287541.25701,7705,7553,7515,8496,8661,7276,8689,7284,-1405,-1385,981,-152
"1374",36061018100,1,"Manhattan",1018100,1489902.89327,6947,6521,6602,6558,7773,7177,8417,6896,-1521,-596,-44,-426
"1375",36061018200,1,"Manhattan",1018200,1904007.70914,11038,9644,10506,10416,11755,9248,12069,8793,-3276,-2507,-90,-1394
"1376",36061018300,1,"Manhattan",1018300,2391021.04184,12155,9015,12170,9554,13901,10209,14172,10325,-3847,-3692,-2616,-3140
"1377",36061018400,1,"Manhattan",1018400,1903568.41942,7686,5583,7227,6738,7969,5724,8038,5869,-2169,-2245,-489,-2103
"1378",36061018500,1,"Manhattan",1018500,1406208.06063,6073,6268,5669,5774,6323,6066,6649,5974,-675,-257,105,195
"1379",36061018600,1,"Manhattan",1018600,1311722.3312,5340,6072,5294,5724,5354,4703,4987,4929,-58,-651,430,732
"1380",36061018700,1,"Manhattan",1018700,2323892.25423,6396,6073,6324,6299,7576,7179,7842,7022,-820,-397,-25,-323
"1381",36061018800,1,"Manhattan",1018800,1599420.55685,7469,6957,7236,7361,7813,6998,7755,7146,-609,-815,125,-512
"1382",36061018900,1,"Manhattan",1018900,2853971.29834,8757,6969,8089,7911,9365,7908,9624,7254,-2370,-1457,-178,-1788
"1383",36061019000,1,"Manhattan",1019000,1117371.70855,7378,6375,6956,6769,6969,6362,7095,6244,-851,-607,-187,-1003
"1384",36061019100,1,"Manhattan",1019100,2385202.80486,6896,5991,6389,6439,7791,6788,8045,6810,-1235,-1003,50,-905
"1385",36061019200,1,"Manhattan",1019200,2038683.49438,4645,4149,4684,4733,5913,4595,5767,4480,-1287,-1318,49,-496
"1386",36061019300,1,"Manhattan",1019300,1892879.10542,6649,5706,6469,6337,7351,6005,7501,5667,-1834,-1346,-132,-943
"1387",36061019400,1,"Manhattan",1019400,1882581.73032,9139,7946,9399,8057,10466,7551,10463,7147,-3316,-2915,-1342,-1193
"1388",36061019500,1,"Manhattan",1019500,2338296.41375,5756,6376,5685,6292,7013,6672,7552,6530,-1022,-341,607,620
"1389",36061019600,1,"Manhattan",1019600,1902453.31241,18318,12234,19130,13629,21615,11962,20459,11273,-9186,-9653,-5501,-6084
"1390",36061019701,1,"Manhattan",1019701,2535936.66451,4774,3812,4719,4417,5290,4372,5574,4371,-1203,-918,-302,-962
"1391",36061019702,1,"Manhattan",1019702,509562.330311,2383,2122,2209,2435,2399,2351,2465,1988,-477,-48,226,-261
"1392",36061019800,1,"Manhattan",1019800,2431074.04061,9506,5820,9789,6996,10897,5920,10581,5630,-4951,-4977,-2793,-3686
"1393",36061019900,1,"Manhattan",1019900,2406577.22289,7486,6630,7003,6843,7907,6976,8879,6763,-2116,-931,-160,-856
"1394",36061020000,1,"Manhattan",1020000,1391141.41393,7529,5468,7447,6230,8302,5319,8282,5279,-3003,-2983,-1217,-2061
"1395",36061020101,1,"Manhattan",1020101,593177.228254,2635,1914,2500,1866,2704,1831,3650,1847,-1803,-873,-634,-721
"1396",36061020102,1,"Manhattan",1020102,901944.229502,4486,3329,4257,3837,4835,3637,4672,3447,-1225,-1198,-420,-1157
"1397",36061020300,1,"Manhattan",1020300,1916856.72618,7848,5066,8278,4198,7406,4088,8949,3774,-5175,-3318,-4080,-2782
"1398",36061020500,1,"Manhattan",1020500,2977095.90413,4902,4042,5131,3854,5193,3802,6597,3679,-2918,-1391,-1277,-860
"1399",36061020600,1,"Manhattan",1020600,1602693.85997,6786,4846,6586,5234,7744,5099,7583,4551,-3032,-2645,-1352,-1940
"1400",36061020701,1,"Manhattan",1020701,508167.888204,1440,1193,1440,1194,1373,1423,1608,1477,-131,50,-246,-247
"1401",36061020800,1,"Manhattan",1020800,1599291.60112,5943,4561,6110,5094,6842,4441,6433,4001,-2432,-2401,-1016,-1382
"1402",36061020901,1,"Manhattan",1020901,1246712.33206,7214,5449,7337,5613,8217,5293,8902,5307,-3595,-2924,-1724,-1765
"1403",36061021000,1,"Manhattan",1021000,2172878.65932,6689,5449,6619,5432,7800,5158,7451,5282,-2169,-2642,-1187,-1240
"1404",36061021100,1,"Manhattan",1021100,3738242.61053,9220,7111,9597,7314,9879,6996,10398,6925,-3473,-2883,-2283,-2109
"1405",36061021200,1,"Manhattan",1021200,1900275.54649,9250,7372,9416,7299,10467,7248,10110,6816,-3294,-3219,-2117,-1878
"1406",36061021303,1,"Manhattan",1021303,1643103.36977,5053,4025,5356,3817,6390,3990,6399,3894,-2505,-2400,-1539,-1028
"1407",36061021400,1,"Manhattan",1021400,1453439.91161,4902,3345,4927,3505,5498,3561,5171,3264,-1907,-1937,-1422,-1557
"1408",36061021500,1,"Manhattan",1021500,750635.025742,5551,4232,5766,4791,5252,4385,5070,4405,-665,-867,-975,-1319
"1409",36061021600,1,"Manhattan",1021600,1864443.266,9386,9949,9656,9906,10575,9346,9808,9398,-410,-1229,250,563
"1410",36061021703,1,"Manhattan",1021703,3384698.56828,5162,4029,5251,3156,5713,2816,8414,2563,-5851,-2897,-2095,-1133
"1411",36061021800,1,"Manhattan",1021800,1958684.88773,12904,12528,12828,13650,13283,12477,12526,11741,-785,-806,822,-376
"1412",36061021900,1,"Manhattan",1021900,3005263.72321,10341,9567,10452,10014,11337,9861,11209,8924,-2285,-1476,-438,-774
"1413",36061022000,1,"Manhattan",1022000,1882647.55467,6615,6126,6832,7129,7481,7513,7171,7135,-36,32,297,-489
"1414",36061022102,1,"Manhattan",1022102,1065533.6429,4310,3285,4149,3286,4342,3141,4391,2901,-1490,-1201,-863,-1025
"1415",36061022200,1,"Manhattan",1022200,1953119.68039,17101,11319,17524,12607,19403,11225,17905,10732,-7173,-8178,-4917,-5782
"1416",36061022301,1,"Manhattan",1022301,2058402.29328,6035,5420,6587,5502,7016,5538,7259,4968,-2291,-1478,-1085,-615
"1417",36061022302,1,"Manhattan",1022302,643336.645875,2979,2408,2745,2346,3253,2195,3218,2197,-1021,-1058,-399,-571
"1418",36061022400,1,"Manhattan",1022400,2099457.9541,9447,6888,10062,7903,10699,6852,10139,6917,-3222,-3847,-2159,-2559
"1419",36061022500,1,"Manhattan",1022500,2807019.54711,7839,6565,8104,6974,8494,6811,8307,6427,-1880,-1683,-1130,-1274
"1420",36061022600,1,"Manhattan",1022600,1642680.48658,6082,5253,6106,5601,6920,5209,6287,5130,-1157,-1711,-505,-829
"1421",36061022700,1,"Manhattan",1022700,1621656.33335,5986,4259,6405,4640,7331,4459,7199,3937,-3262,-2872,-1765,-1727
"1422",36061022800,1,"Manhattan",1022800,1944083.44002,11053,8461,11177,8588,12110,7917,11556,7921,-3635,-4193,-2589,-2592
"1423",36061022900,1,"Manhattan",1022900,2260132.06402,8714,7629,8835,7725,9977,7532,9528,6563,-2965,-2445,-1110,-1085
"1424",36061023000,1,"Manhattan",1023000,1869850.73641,8588,7357,8678,7992,9767,7273,9196,7171,-2025,-2494,-686,-1231
"1425",36061023100,1,"Manhattan",1023100,1962707.27008,8854,6471,9450,6817,9727,6229,9420,5594,-3826,-3498,-2633,-2383
"1426",36061023200,1,"Manhattan",1023200,1943381.0732,12544,10946,12527,11140,13952,10494,12709,9845,-2864,-3458,-1387,-1598
"1427",36061023300,1,"Manhattan",1023300,2507139.08979,5104,4899,5492,4977,6310,4811,5901,4713,-1188,-1499,-515,-205
"1428",36061023400,1,"Manhattan",1023400,1167006.66095,5248,5243,4926,5129,5256,4266,5234,4288,-946,-990,203,-5
"1429",36061023501,1,"Manhattan",1023501,1928941.32178,6710,5508,6844,6175,7840,5378,7276,5617,-1659,-2462,-669,-1202
"1430",36061023502,1,"Manhattan",1023502,447807.897976,2522,1848,2291,1840,2738,1858,2588,1776,-812,-880,-451,-674
"1431",36061023600,1,"Manhattan",1023600,2825486.03167,12035,10148,12186,10925,13981,9034,12830,8954,-3876,-4947,-1261,-1887
"1432",36061023700,1,"Manhattan",1023700,2896787.46151,5940,4366,6176,4920,6997,4993,6463,4839,-1624,-2004,-1256,-1574
"1433",36061023802,1,"Manhattan",1023802,2581833.88078,3993,4698,3762,4728,3797,5393,3884,5011,1127,1596,966,705
"1434",36061023803,1,"Manhattan",1023803,1105152.94711,2873,2626,2771,2747,2950,2730,3186,2659,-527,-220,-24,-247
"1435",36061023804,1,"Manhattan",1023804,2625975.48204,4824,6073,4924,6199,5155,6080,4564,5541,977,925,1275,1249
"1436",36061023900,1,"Manhattan",1023900,687788.549713,2765,1977,2806,2378,3216,2209,3079,2090,-989,-1007,-428,-788
"1437",36061024000,1,"Manhattan",1024000,23466537.7055,17369,12907,14880,13448,22293,18448,24244,23913,-331,-3845,-1432,-4462
"1438",36061024100,1,"Manhattan",1024100,1909667.05327,6564,5961,7023,6304,7728,5917,7819,5829,-1990,-1811,-719,-603
"1439",36061024200,1,"Manhattan",1024200,3716549.84021,13153,10600,12623,11306,13963,10715,13069,9160,-3909,-3248,-1317,-2553
"1440",36061024301,1,"Manhattan",1024301,1129820.01225,3329,2742,3588,2838,4217,2749,3759,2501,-1258,-1468,-750,-587
"1441",36061024302,1,"Manhattan",1024302,2269601.18322,9535,7987,9961,9082,10541,7586,9872,7510,-2362,-2955,-879,-1548
"1442",36061024500,1,"Manhattan",1024500,2284357.77152,12024,9584,13545,9461,14718,9022,13747,8991,-4756,-5696,-4084,-2440
"1443",36061024700,1,"Manhattan",1024700,2731880.45885,6911,5654,7664,6088,7900,5926,7834,5618,-2216,-1974,-1576,-1257
"1444",36061024900,1,"Manhattan",1024900,652856.299442,2276,1839,2341,1570,2638,1769,2678,1681,-997,-869,-771,-437
"1445",36061025100,1,"Manhattan",1025100,1716083.59586,16571,12740,18433,13320,19358,13551,19592,12870,-6722,-5807,-5113,-3831
"1446",36061025300,1,"Manhattan",1025300,1822865.88123,8812,6863,9699,6677,10708,7633,10601,7358,-3243,-3075,-3022,-1949
"1447",36061025500,1,"Manhattan",1025500,4718124.84313,9475,6631,9988,6981,11027,7198,11337,6844,-4493,-3829,-3007,-2844
"1448",36061025700,1,"Manhattan",1025700,1550590.10064,9021,6802,9819,7169,10954,7009,9821,6521,-3300,-3945,-2650,-2219
"1449",36061025900,1,"Manhattan",1025900,812095.022655,5405,4220,5499,4318,6074,4066,5869,3803,-2066,-2008,-1181,-1185
"1450",36061026100,1,"Manhattan",1026100,1681538.97312,8316,6428,8942,6508,9354,6702,9632,6577,-3055,-2652,-2434,-1888
"1451",36061026300,1,"Manhattan",1026300,1691892.09187,10856,8313,11238,8830,13097,8889,13000,8285,-4715,-4208,-2408,-2543
"1452",36061026500,1,"Manhattan",1026500,2081505.51832,9673,7723,9504,8353,11056,7651,10315,7151,-3164,-3405,-1151,-1950
"1453",36061026700,1,"Manhattan",1026700,519544.634238,1289,1144,1092,655,1322,1080,1714,1271,-443,-242,-437,-145
"1454",36061026900,1,"Manhattan",1026900,1889655.54984,9947,6854,10270,6709,11575,7705,12365,7736,-4629,-3870,-3561,-3093
"1455",36061027100,1,"Manhattan",1027100,2075200.78466,10335,8460,10651,8704,12032,9245,12225,8703,-3522,-2787,-1947,-1875
"1456",36061027300,1,"Manhattan",1027300,1902954.47457,5341,4943,5800,5016,7268,4903,6723,4759,-1964,-2365,-784,-398
"1457",36061027500,1,"Manhattan",1027500,2971043.92249,1080,819,1152,779,1670,922,1569,977,-592,-748,-373,-261
"1458",36061027700,1,"Manhattan",1027700,1762997.19741,7077,5538,7094,5225,7695,6217,8062,5513,-2549,-1478,-1869,-1539
"1459",36061027900,1,"Manhattan",1027900,1941629.41548,8818,7236,9361,7372,9996,7634,9605,7591,-2014,-2362,-1989,-1582
"1460",36061028100,1,"Manhattan",1028100,974164.844087,2158,1322,2459,1468,2951,1632,2937,1662,-1275,-1319,-991,-836
"1461",36061028300,1,"Manhattan",1028300,1627961.96172,7390,5904,7903,6161,8672,6326,8362,6106,-2256,-2346,-1742,-1486
"1462",36061028500,1,"Manhattan",1028500,1312484.58048,8213,6969,8741,7748,9242,8170,9040,8089,-951,-1072,-993,-1244
"1463",36061028700,1,"Manhattan",1028700,5714367.60654,9555,8500,10302,9166,11771,8601,10822,8446,-2376,-3170,-1136,-1055
"1464",36061029100,1,"Manhattan",1029100,2018094.02279,12578,11520,12972,11948,14394,11649,13461,12110,-1351,-2745,-1024,-1058
"1465",36061029300,1,"Manhattan",1029300,1690644.73183,14925,13490,14674,14030,17078,14143,16049,13355,-2694,-2935,-644,-1435
"1466",36061029500,1,"Manhattan",1029500,1459956.24948,6256,5217,6599,5497,7377,6233,7885,5916,-1969,-1144,-1102,-1039
"1467",36061029700,1,"Manhattan",1029700,10007466.9102,5040,3952,5212,4481,5514,4823,5197,4142,-1055,-691,-731,-1088
"1468",36061029900,1,"Manhattan",1029900,6678107.73845,15842,14947,15380,15490,16352,15583,15751,15131,-620,-769,110,-895
"1469",36061030300,1,"Manhattan",1030300,1685292.58827,6721,4952,6572,5270,8080,5330,7573,4888,-2685,-2750,-1302,-1769
"1470",36061030700,1,"Manhattan",1030700,905520.592451,3205,2474,3050,2686,3663,3086,3651,2829,-822,-577,-364,-731
"1471",36061030900,1,"Manhattan",1030900,3282243.18473,13443,13601,13158,13437,15376,13834,14873,12871,-2002,-1542,279,158
"1472",36061031100,1,"Manhattan",1031100,7752363.94446,4609,4077,4523,5065,4872,4275,4369,3370,-999,-597,542,-532
"1473",36061031703,1,"Manhattan",1031703,2649774.04144,27651,16698,29618,19874,31728,16920,31083,13419,-17664,-14808,-9744,-10953
"1474",36061031704,1,"Manhattan",1031704,2411839.42386,13907,9301,15108,10292,16555,9480,16380,8790,-7590,-7075,-4816,-4606
"1475",36061031900,1,"Manhattan",1031900,1077040.15614,7148,3921,8887,5662,8736,3845,7206,2447,-4759,-4891,-3225,-3227
"1476",36081000101,4,"Queens",4000101,3171029.94238,7817,9008,7752,9334,8842,9869,7820,9613,1793,1027,1582,1191
"1477",36081000102,4,"Queens",4000102,1202283.44289,7202,7299,6749,7471,7260,8441,6575,7379,804,1181,722,97
"1478",36081000103,4,"Queens",4000103,1987162.2061,2766,1817,2485,1759,2657,2197,2665,1874,-791,-460,-726,-949
"1479",36081000104,4,"Queens",4000104,5978794.11256,10157,8938,10588,9273,10155,9387,10945,8620,-2325,-768,-1315,-1219
"1480",36081000200,4,"Queens",4000200,1665705.3797,4186,4316,4176,4114,4595,4378,4608,3842,-766,-217,-62,130
"1481",36081000400,4,"Queens",4000400,2420866.25351,6870,6281,6855,6775,7361,6851,7290,6697,-593,-510,-80,-589
"1482",36081000600,4,"Queens",4000600,2307340.95132,6212,5524,6278,5567,6322,5569,5894,5794,-100,-753,-711,-688
"1483",36081000701,4,"Queens",4000701,2590006.98924,12752,13429,13466,13874,14132,14318,15881,12936,-2945,186,408,677
"1484",36081000702,4,"Queens",4000702,3276086.41622,11650,10732,11295,11241,11579,10487,11391,10073,-1318,-1092,-54,-918
"1485",36081000800,4,"Queens",4000800,2043534.04266,4402,4472,4302,4557,4942,4899,5051,4573,-478,-43,255,70
"1486",36081001000,4,"Queens",4001000,1743090.15413,5787,3453,5053,3674,5837,3813,5896,3911,-1985,-2024,-1379,-2334
"1487",36081001200,4,"Queens",4001200,2420973.94057,7304,6726,7027,6713,7903,7012,7820,6796,-1024,-891,-314,-578
"1488",36081001400,4,"Queens",4001400,2306342.60265,6720,7161,6578,7276,6878,7493,7020,7309,289,615,698,441
"1489",36081001600,4,"Queens",4001600,1623632.85923,4164,3931,4067,3875,4391,4050,4250,4239,-11,-341,-192,-233
"1490",36081001800,4,"Queens",4001800,1914375.43788,6358,5358,6063,5576,6331,5469,6495,5322,-1173,-862,-487,-1000
"1491",36081001901,4,"Queens",4001901,2470533.58327,9703,5207,10073,5396,11037,4752,11466,4458,-7008,-6285,-4677,-4496
"1492",36081001902,4,"Queens",4001902,1909109.97602,15047,10938,14691,11891,15872,10846,14883,10102,-4781,-5026,-2800,-4109
"1493",36081001903,4,"Queens",4001903,5010495.41951,15166,12481,15043,12651,15823,12643,16073,10837,-5236,-3180,-2392,-2685
"1494",36081002000,4,"Queens",4002000,1577804.68883,4721,5020,4315,4844,4923,4951,5172,4551,-621,28,529,299
"1495",36081002200,4,"Queens",4002200,1594381.78933,4534,4160,4229,4545,4461,4544,4621,4244,-377,83,316,-374
"1496",36081002400,4,"Queens",4002400,1519335.3431,3520,3024,3647,3210,3972,3817,3912,3436,-476,-155,-437,-496
"1497",36081002500,4,"Queens",4002500,2266376.45517,7605,5661,7609,5950,8213,5543,8173,5168,-3005,-2670,-1659,-1944
"1498",36081002600,4,"Queens",4002600,1593309.29237,3609,3439,3626,3567,3791,3682,3956,3595,-361,-109,-59,-170
"1499",36081002800,4,"Queens",4002800,2422506.15515,6328,5375,6046,5507,6522,5741,6726,5125,-1601,-781,-539,-953
"1500",36081003000,4,"Queens",4003000,1220952.71513,4031,3335,4002,3503,4082,3527,3976,3187,-789,-555,-499,-696
"1501",36081003100,4,"Queens",4003100,1775765.17661,8414,6378,8277,7014,9034,6738,8832,5836,-2996,-2296,-1263,-2036
"1502",36081003200,4,"Queens",4003200,1731989.34863,4999,4745,5119,5863,5234,5530,5535,5494,-41,296,744,-254
"1503",36081003301,4,"Queens",4003301,2066862.12622,13570,9435,13344,9735,15078,10112,15378,8802,-6576,-4966,-3609,-4135
"1504",36081003302,4,"Queens",4003302,3527015.33462,11483,11292,11301,11098,11686,11299,12310,10484,-1826,-387,-203,-191
"1505",36081003400,4,"Queens",4003400,2303269.71787,9550,10233,9458,10073,9512,10548,9567,10376,809,1036,615,683
"1506",36081003600,4,"Queens",4003600,1937264.60662,4558,5203,4991,5189,4940,4897,4832,4989,157,-43,198,645
"1507",36081003700,4,"Queens",4003700,4154203.05127,6362,8094,6304,7896,5980,8440,5564,8153,2589,2460,1592,1732
"1508",36081003800,4,"Queens",4003800,1896703.54126,5221,5389,5264,5399,5811,5553,6350,5475,-875,-258,135,168
"1509",36081003900,4,"Queens",4003900,1580667.3349,3222,2876,3449,2642,3177,2986,3041,2980,-61,-191,-807,-346
"1510",36081004001,4,"Queens",4004001,1875952.91725,5312,5277,5303,5255,5655,5590,6030,5562,-468,-65,-48,-35
"1511",36081004002,4,"Queens",4004002,1396952.36395,9413,8559,9142,8454,9704,8581,9679,8278,-1401,-1123,-688,-854
"1512",36081004200,4,"Queens",4004200,2156063.82194,6750,7697,6918,7652,6868,7501,6697,7449,752,633,734,947
"1513",36081004300,4,"Queens",4004300,1841331.48483,4652,4127,4435,4181,4375,3953,4451,3713,-738,-422,-254,-525
"1514",36081004401,4,"Queens",4004401,2833237.77444,8871,8214,9192,8990,9368,8475,9421,9443,22,-893,-202,-657
"1515",36081004500,4,"Queens",4004500,2375492.22938,5183,5917,4990,5796,5240,5788,5253,5722,469,548,806,734
"1516",36081004700,4,"Queens",4004700,1928980.71584,5074,5360,5215,5287,5037,5160,5035,4862,-173,123,72,286
"1517",36081005000,4,"Queens",4005000,1637675.63626,240,351,226,322,251,358,228,278,50,107,96,111
"1518",36081005100,4,"Queens",4005100,1476104.39491,5250,4824,5218,5047,5508,5071,5322,4585,-737,-437,-171,-426
"1519",36081005200,4,"Queens",4005200,1405250.22966,4596,3875,4660,3978,4447,4091,4568,4086,-482,-356,-682,-721
"1520",36081005300,4,"Queens",4005300,2111785.60341,6580,7371,6901,6784,7119,6817,6979,7184,205,-302,-117,791
"1521",36081005400,4,"Queens",4005400,4486727.31368,15283,14437,15181,13962,16535,15585,16795,15060,-1735,-950,-1219,-846
"1522",36081005500,4,"Queens",4005500,1786238.07707,6700,6123,6637,6379,6870,6192,6935,5830,-1105,-678,-258,-577
"1523",36081005700,4,"Queens",4005700,2406263.4064,8619,9773,9695,10309,9975,10267,10411,10009,-402,292,614,1154
"1524",36081005800,4,"Queens",4005800,6343697.75114,13048,12644,12944,12833,14769,14645,15191,14856,-335,-124,-111,-404
"1525",36081005900,4,"Queens",4005900,2047586.87181,7912,10926,8064,9632,8499,10206,8185,10208,2023,1707,1568,3014
"1526",36081006100,4,"Queens",4006100,2099196.68503,9500,11486,9618,11153,10706,10309,10399,10592,193,-397,1535,1986
"1527",36081006201,4,"Queens",4006201,4332014.27177,8832,7255,8975,7374,8760,7893,8438,7661,-777,-867,-1601,-1577
"1528",36081006202,4,"Queens",4006202,12442767.4016,21703,21382,21907,21288,23418,22836,23437,22349,-1088,-582,-619,-321
"1529",36081006300,4,"Queens",4006300,2288295.47334,9039,10967,9062,11158,10799,11499,10628,11644,1016,700,2096,1928
"1530",36081006501,4,"Queens",4006501,1198418.20825,4743,5187,4484,5235,4967,5271,4782,5345,563,304,751,444
"1531",36081006502,4,"Queens",4006502,1650722.20771,6063,5311,5719,5751,6394,5709,5971,5749,-222,-685,32,-752
"1532",36081006900,4,"Queens",4006900,2266843.34782,7872,7932,7402,8262,8646,8020,8168,7999,-169,-626,860,60
"1533",36081007100,4,"Queens",4007100,2102179.87909,9922,10225,9624,10601,11119,10311,11180,10208,-972,-808,977,303
"1534",36081007300,4,"Queens",4007300,1522290.21541,4706,4734,4509,4842,5175,4617,5281,4387,-894,-558,333,28
"1535",36081007500,4,"Queens",4007500,1391240.15479,3756,3490,3804,3582,4309,3441,3986,3539,-447,-868,-222,-266
"1536",36081007700,4,"Queens",4007700,1363202.22378,5492,5141,5439,6331,6032,6350,6337,6224,-113,318,892,-351
"1537",36081007900,4,"Queens",4007900,1727510.95402,3255,3958,3324,3916,3605,3697,3856,3597,-259,92,592,703
"1538",36081008100,4,"Queens",4008100,1210474.5092,1862,2014,1793,2459,2002,2257,1859,2033,174,255,666,152
"1539",36081008300,4,"Queens",4008300,2059577.3564,4186,4327,4063,4918,4659,4316,4619,4303,-316,-343,855,141
"1540",36081008500,4,"Queens",4008500,2942541.84494,7380,6445,6963,6161,6648,6128,6872,5827,-1045,-520,-802,-935
"1541",36081008600,4,"Queens",4008600,3562475.84817,12295,11051,11772,11072,13911,11954,14606,12257,-2349,-1957,-700,-1244
"1542",36081008700,4,"Queens",4008700,2723099.27701,5047,5036,4724,5876,4715,5184,4625,4908,283,469,1152,-11
"1543",36081008800,4,"Queens",4008800,4847018.44069,11688,14909,11464,15611,12194,17320,11884,17154,5270,5126,4147,3221
"1544",36081009100,4,"Queens",4009100,2008480.80797,3066,2547,2976,3107,3414,2804,3234,2724,-510,-610,131,-519
"1545",36081009400,4,"Queens",4009400,1869642.07939,7203,6975,7415,7558,7256,7672,7048,7481,433,416,143,-228
"1546",36081009500,4,"Queens",4009500,1770676.84451,3861,4226,4129,5744,5076,4387,4195,4370,175,-689,1615,365
"1547",36081009600,4,"Queens",4009600,2222233.91028,7224,7342,6757,7444,6995,8019,6944,7445,501,1024,687,118
"1548",36081009700,4,"Queens",4009700,2171669.75842,3688,3718,4077,4299,4603,4071,3967,3811,-156,-532,222,30
"1549",36081009800,4,"Queens",4009800,1460890.81147,8979,10601,8730,11391,8717,10790,8382,10448,2066,2073,2661,1622
"1550",36081009900,4,"Queens",4009900,2674946.18123,3882,4038,4091,5708,4498,4194,2671,3800,1129,-304,1617,156
"1551",36081010000,4,"Queens",4010000,2403901.65508,7017,7969,6692,8589,6312,7970,6094,7951,1857,1658,1897,952
"1552",36081010100,4,"Queens",4010100,1860062.55684,3046,2935,2984,3339,3910,3390,3597,3396,-201,-520,355,-111
"1553",36081010200,4,"Queens",4010200,2302072.58323,7433,7982,7132,7934,7441,8426,7336,8240,904,985,802,549
"1554",36081010300,4,"Queens",4010300,2695889.59897,4369,4506,4346,4573,5294,6284,6072,6850,778,990,227,137
"1555",36081010400,4,"Queens",4010400,2007367.91675,7462,7794,7253,8322,7186,8221,6530,8141,1611,1035,1069,332
"1556",36081010500,4,"Queens",4010500,2131456.3367,4409,4814,4532,4971,4986,6008,5051,6066,1015,1022,439,405
"1557",36081010600,4,"Queens",4010600,1862498.90803,10134,11448,9891,11104,9978,11305,9871,11251,1380,1327,1213,1314
"1558",36081010701,4,"Queens",4010701,17172406.6245,6491,7339,6087,7806,6342,8828,6604,8753,2149,2486,1719,848
"1559",36081010800,4,"Queens",4010800,1696627.40311,5811,5809,5630,5860,5852,5656,5709,5446,-263,-196,230,-2
"1560",36081011000,4,"Queens",4011000,1776467.63865,5740,6489,5496,6762,6256,6365,5971,6233,262,109,1266,749
"1561",36081011100,4,"Queens",4011100,1622555.67728,3570,3949,3651,3930,3894,4327,4147,4331,184,433,279,379
"1562",36081011200,4,"Queens",4011200,2029245.37059,6429,5670,6218,6080,6503,5669,6307,5384,-923,-834,-138,-759
"1563",36081011300,4,"Queens",4011300,1922996.07481,7803,7728,7733,7972,8937,9154,8511,8906,395,217,239,-75
"1564",36081011400,4,"Queens",4011400,1280315.3319,4658,4550,4446,4667,4841,4815,5432,4502,-930,-26,221,-108
"1565",36081011500,4,"Queens",4011500,1997218.90741,14427,12040,14266,12522,16948,14075,16276,14125,-2151,-2873,-1744,-2387
"1566",36081011600,4,"Queens",4011600,1471248.55174,4544,4027,4433,3893,4583,4050,4508,3965,-543,-533,-540,-517
"1567",36081011700,4,"Queens",4011700,2290673.09601,6334,6153,6454,6471,6917,6983,6996,7086,90,66,17,-181
"1568",36081011800,4,"Queens",4011800,1681621.45096,5803,6025,5852,6416,5929,5922,5667,5463,-204,-7,564,222
"1569",36081011900,4,"Queens",4011900,1199794.97295,4240,4348,4332,4076,5012,5006,5021,5120,99,-6,-256,108
"1570",36081012000,4,"Queens",4012000,1553008.39875,7442,7048,7024,7148,7045,6259,7177,5939,-1238,-786,124,-394
"1571",36081012100,4,"Queens",4012100,1484400.48136,3204,3086,3221,2992,3733,3519,3549,3557,8,-214,-229,-118
"1572",36081012200,4,"Queens",4012200,2262780.10621,9268,9094,9005,8911,9045,9409,8883,8667,-216,364,-94,-174
"1573",36081012301,4,"Queens",4012301,6366950.85196,11367,9108,10302,8954,12459,10714,12339,10219,-2120,-1745,-1348,-2259
"1574",36081012400,4,"Queens",4012400,2134135.60903,5982,6259,5762,6374,6424,7073,6696,6317,-379,649,612,277
"1575",36081012500,4,"Queens",4012500,1752242.24624,6104,6901,5896,6905,7177,7129,6992,6932,-60,-48,1009,797
"1576",36081012601,4,"Queens",4012601,1618300.19198,5113,4915,5044,5030,5145,5013,5223,4647,-576,-132,-14,-198
"1577",36081012602,4,"Queens",4012602,1605869.87945,4303,4431,3992,4399,3963,4423,4222,4099,-123,460,407,128
"1578",36081012800,4,"Queens",4012800,1721777.16867,3791,3617,3561,3443,3743,3645,3921,3672,-249,-98,-118,-174
"1579",36081013000,4,"Queens",4013000,2016151.06645,3753,3170,3587,3331,3719,3390,3726,3236,-490,-329,-256,-583
"1580",36081013200,4,"Queens",4013200,2070923.96978,5274,4308,5005,4598,5399,4338,5323,4281,-1042,-1061,-407,-966
"1581",36081013400,4,"Queens",4013400,2055584.02617,6068,5122,6063,5462,6479,5409,6567,5204,-1363,-1070,-601,-946
"1582",36081013500,4,"Queens",4013500,1461831.69701,2118,2277,2063,1988,2431,2374,2370,2433,63,-57,-75,159
"1583",36081013600,4,"Queens",4013600,1632351.04304,3422,2788,3325,2777,3458,3154,3379,3129,-250,-304,-548,-634
"1584",36081013700,4,"Queens",4013700,2153336.39683,5120,5049,5178,5043,5531,5606,5155,5363,208,75,-135,-71
"1585",36081013800,4,"Queens",4013800,1828864.04503,4882,4185,4741,4305,5000,4525,4707,4363,-344,-475,-436,-697
"1586",36081014000,4,"Queens",4014000,2390486.95434,5609,5280,5344,5823,5820,5758,5495,5613,118,-62,479,-329
"1587",36081014100,4,"Queens",4014100,1841152.95751,4309,5046,4435,5086,4694,5330,4521,5150,629,636,651,737
"1588",36081014201,4,"Queens",4014201,2270918.85932,5611,5156,5344,5350,6001,5682,5894,5758,-136,-319,6,-455
"1589",36081014202,4,"Queens",4014202,6663000.26959,20872,16547,19343,16737,19692,16776,19935,16645,-3290,-2916,-2606,-4325
"1590",36081014300,4,"Queens",4014300,1469451.95595,6905,5861,6828,5811,7268,5625,7059,5870,-1189,-1643,-1017,-1044
"1591",36081014400,4,"Queens",4014400,2370737.93664,7252,7011,6727,7008,7094,6965,7108,6974,-134,-129,281,-241
"1592",36081014500,4,"Queens",4014500,1374739.91708,2383,2326,2575,2507,2927,2526,3017,2510,-507,-401,-68,-57
"1593",36081014700,4,"Queens",4014700,1592386.54573,4182,4320,3957,4624,4598,4899,4570,4779,209,301,667,138
"1594",36081014800,4,"Queens",4014800,1685384.5007,5108,4637,4952,4496,5221,4422,4996,4576,-420,-799,-456,-471
"1595",36081014900,4,"Queens",4014900,1147477.75152,4655,4628,4470,4846,5216,5107,5241,5102,-139,-109,376,-27
"1596",36081015000,4,"Queens",4015000,1583628.11303,3356,3466,2971,3449,3223,3514,3406,3565,159,291,478,110
"1597",36081015100,4,"Queens",4015100,1435760.6849,3347,2854,3334,2916,3454,2883,3639,3119,-520,-571,-418,-493
"1598",36081015200,4,"Queens",4015200,2001448.5991,6477,7586,6425,7803,6806,7649,6877,7016,139,843,1378,1109
"1599",36081015300,4,"Queens",4015300,1309390.50649,4503,3702,5326,4170,5640,4170,5060,4134,-926,-1470,-1156,-801
"1600",36081015400,4,"Queens",4015400,1617854.35196,5015,5368,4893,5537,5174,5709,5271,5685,414,535,644,353
"1601",36081015500,4,"Queens",4015500,1587955.09496,11931,11785,11407,12292,12688,12142,11937,11475,-462,-546,885,-146
"1602",36081015600,4,"Queens",4015600,2253099.39695,8455,7743,8264,7697,8548,8216,8755,8778,23,-332,-567,-712
"1603",36081015700,4,"Queens",4015700,1383061.46255,8556,7345,8896,7438,9411,7216,8961,7001,-1960,-2195,-1458,-1211
"1604",36081015801,4,"Queens",4015801,3201805.24043,11319,12317,11313,12543,11870,12595,11447,11835,388,725,1230,998
"1605",36081015802,4,"Queens",4015802,2997105.48378,14923,17802,14259,17121,15455,17781,14859,19047,4188,2326,2862,2879
"1606",36081015900,4,"Queens",4015900,1826098.28982,6255,5466,5982,5974,6284,5855,5922,5851,-71,-429,-8,-789
"1607",36081016100,4,"Queens",4016100,1157640.35838,4695,3428,4370,3660,4486,3566,4387,3657,-730,-920,-710,-1267
"1608",36081016300,4,"Queens",4016300,2353270.04328,6769,5897,7022,6330,7829,6418,8021,6209,-1812,-1411,-692,-872
"1609",36081016400,4,"Queens",4016400,2129308.67205,4411,5140,4389,4760,4840,5110,4561,5146,585,270,371,729
"1610",36081016600,4,"Queens",4016600,2185345.71575,9306,10617,9498,10632,8829,10482,8623,10570,1947,1653,1134,1311
"1611",36081016800,4,"Queens",4016800,2276026.71662,5361,5409,5222,5261,5550,5669,5046,5350,304,119,39,48
"1612",36081016900,4,"Queens",4016900,2483619.4577,4859,4951,4458,5648,4952,5378,5035,5682,647,426,1190,92
"1613",36081017000,4,"Queens",4017000,2352796.54266,5732,5652,5654,5454,6169,5408,5754,5525,-229,-761,-200,-80
"1614",36081017101,4,"Queens",4017101,8783519.1142,8869,6522,9049,6651,9475,6781,9280,6650,-2630,-2694,-2398,-2347
"1615",36081017102,4,"Queens",4017102,4500282.28954,18839,19987,18625,21172,18859,19463,18645,19465,820,604,2547,1148
"1616",36081017200,4,"Queens",4017200,2056699.08242,5458,6461,5752,6277,5768,6411,5065,6207,1142,643,525,1003
"1617",36081017400,4,"Queens",4017400,2056259.49001,5456,7131,5297,6403,5544,7128,5403,7278,1875,1584,1106,1675
"1618",36081017600,4,"Queens",4017600,2052682.33476,4666,4766,4478,4899,4945,5057,4472,4718,246,112,421,100
"1619",36081017800,4,"Queens",4017800,2036947.548,6230,6823,5640,7054,5810,6804,5467,7025,1558,994,1414,593
"1620",36081017901,4,"Queens",4017901,1037434.78757,5468,5946,5543,5491,5997,6100,5884,5714,-170,103,-52,478
"1621",36081017902,4,"Queens",4017902,4062482.13373,19769,16998,21066,16159,22179,17374,24616,16279,-8337,-4805,-4907,-2771
"1622",36081018000,4,"Queens",4018000,1491934.50497,6668,6669,6153,6802,6027,6966,6306,7003,697,939,649,1
"1623",36081018101,4,"Queens",4018101,1035687.63222,4590,4335,4473,4416,5008,4324,5069,3997,-1072,-684,-57,-255
"1624",36081018102,4,"Queens",4018102,1038481.14533,4514,4725,4227,5012,4629,4972,4450,4635,185,343,785,211
"1625",36081018200,4,"Queens",4018200,2804355.83503,6514,6509,6090,6103,6301,6104,6018,6418,400,-197,13,-5
"1626",36081018300,4,"Queens",4018300,2314483.75421,10917,10159,10483,10922,11360,10906,10993,10958,-35,-454,439,-758
"1627",36081018401,4,"Queens",4018401,2062597.676,4878,4707,4990,4951,4898,5103,4768,5087,319,205,-39,-171
"1628",36081018402,4,"Queens",4018402,2287905.76835,5146,6149,5144,6165,5473,6570,5358,6598,1240,1097,1021,1003
"1629",36081018501,4,"Queens",4018501,1060458.04178,2688,3118,2951,3439,3034,3520,3227,3801,574,486,488,430
"1630",36081018502,4,"Queens",4018502,1059000.89307,3097,3559,3239,3759,3693,3832,3581,3951,370,139,520,462
"1631",36081018600,4,"Queens",4018600,1940917.9081,3273,4716,3322,4672,3403,4587,3078,4903,1825,1184,1350,1443
"1632",36081018700,4,"Queens",4018700,2598727.37979,4973,4115,4629,4796,5145,4592,5430,4846,-584,-553,167,-858
"1633",36081018800,4,"Queens",4018800,1916871.62152,2918,3870,2656,3944,2730,4004,2554,4120,1566,1274,1288,952
"1634",36081018900,4,"Queens",4018900,2343199.54328,5062,4932,5189,5024,6012,4965,6078,5199,-879,-1047,-165,-130
"1635",36081019000,4,"Queens",4019000,2026398.50997,5066,5663,4909,5141,5235,5781,4811,5660,849,546,232,597
"1636",36081019200,4,"Queens",4019200,2159253.19171,4284,4434,4543,4513,4782,4854,4629,4861,232,72,-30,150
"1637",36081019400,4,"Queens",4019400,3276890.91835,5672,5363,5663,5857,6455,5545,6326,5557,-769,-910,194,-309
"1638",36081019600,4,"Queens",4019600,2402963.98631,5663,5573,5467,5646,6207,6123,6078,6221,143,-84,179,-90
"1639",36081019800,4,"Queens",4019800,2231765.01948,5385,4930,5732,4851,5999,5042,5475,4602,-873,-957,-881,-455
"1640",36081019901,4,"Queens",4019901,3440003.40864,10833,9843,9971,9661,10893,10193,11036,10080,-956,-700,-310,-990
"1641",36081019902,4,"Queens",4019902,6790206.33885,12796,9316,12086,9885,11792,10593,11977,10039,-1938,-1199,-2201,-3480
"1642",36081019903,4,"Queens",4019903,7106116.91112,968,1101,742,1137,879,1195,823,1286,463,316,395,133
"1643",36081020200,4,"Queens",4020200,1629223.56873,2977,2964,3021,3000,3331,3103,3512,2784,-728,-228,-21,-13
"1644",36081020400,4,"Queens",4020400,3087462.93315,5098,5765,5614,5858,5465,5929,5485,6042,557,464,244,667
"1645",36081020500,4,"Queens",4020500,6083652.18878,10739,10077,10249,10842,10412,11253,10849,10933,84,841,593,-662
"1646",36081020600,4,"Queens",4020600,1593891.97498,4362,4708,4321,5050,4948,5029,4836,5216,380,81,729,346
"1647",36081020800,4,"Queens",4020800,5842045.05675,23785,17042,24303,18111,25052,17486,24949,16689,-8260,-7566,-6192,-6743
"1648",36081021200,4,"Queens",4021200,2579753.73934,12813,10634,12745,10439,13700,10197,13335,10066,-3269,-3503,-2306,-2179
"1649",36081021400,4,"Queens",4021400,4079387.03201,15602,15114,15050,14922,15415,14759,14944,14207,-737,-656,-128,-488
"1650",36081021601,4,"Queens",4021601,2454621.66097,10268,8946,9927,9109,10546,8998,10475,8028,-2447,-1548,-818,-1322
"1651",36081021602,4,"Queens",4021602,1207645.68678,4186,4462,3891,4817,4289,4758,4570,4305,-265,469,926,276
"1652",36081021603,4,"Queens",4021603,3232869.36808,1551,1984,1377,1988,1541,2072,1561,2015,454,531,611,433
"1653",36081021900,4,"Queens",4021900,13806344.7014,17871,25488,17910,24637,16634,25733,16921,24893,7972,9099,6727,7617
"1654",36081022001,4,"Queens",4022001,4208889.26112,7906,8798,7965,8818,10210,10639,11012,11883,871,429,853,892
"1655",36081022002,4,"Queens",4022002,3309944.25631,7637,7355,7530,7582,7802,7549,7941,7113,-828,-253,52,-282
"1656",36081022900,4,"Queens",4022900,14291820.1275,3700,4176,3611,4104,3753,4281,3655,3966,311,528,493,476
"1657",36081023000,4,"Queens",4023000,1782960.0677,3510,2879,3323,2909,3876,3044,3760,2964,-796,-832,-414,-631
"1658",36081023200,4,"Queens",4023200,3557225.47619,5995,5179,6055,5267,6732,5441,6949,5225,-1724,-1291,-788,-816
"1659",36081023501,4,"Queens",4023501,1481337.99382,5354,4239,5128,4345,5156,4494,5259,4181,-1078,-662,-783,-1115
"1660",36081023502,4,"Queens",4023502,1265214.14716,7023,7019,7197,6902,7514,7475,7756,7124,-632,-39,-295,-4
"1661",36081023600,4,"Queens",4023600,1897473.67377,6215,5324,6191,5646,6790,5556,7095,5459,-1636,-1234,-545,-891
"1662",36081023800,4,"Queens",4023800,1686741.44133,8139,5624,8177,5937,9065,5806,8915,5744,-3171,-3259,-2240,-2515
"1663",36081024000,4,"Queens",4024000,2901926.00448,16713,11545,17796,11533,18477,11892,18445,10955,-7490,-6585,-6263,-5168
"1664",36081024300,4,"Queens",4024300,5934804.7328,14067,15391,14049,14799,14463,14863,14901,14317,-584,400,750,1324
"1665",36081024500,4,"Queens",4024500,2774851.67859,7441,9002,7088,8238,7616,8754,7478,8185,707,1138,1150,1561
"1666",36081024600,4,"Queens",4024600,3270870.56292,5212,3605,5509,3079,6864,2760,7159,5939,-1220,-4104,-2430,-1607
"1667",36081024700,4,"Queens",4024700,1050662.07951,3495,2897,3322,2805,3264,2991,3212,2696,-516,-273,-517,-598
"1668",36081024900,4,"Queens",4024900,2196907.25071,9297,10014,8796,9512,9638,9613,9394,9252,-142,-25,716,717
"1669",36081025100,4,"Queens",4025100,2646559.91148,8011,7524,7620,7990,8325,7830,8111,7622,-489,-495,370,-487
"1670",36081025301,4,"Queens",4025301,1370376.21396,6903,6502,6492,6718,7216,6213,7042,6165,-877,-1003,226,-401
"1671",36081025302,4,"Queens",4025302,1131234.79816,5018,4660,4672,5283,5072,4529,4960,4556,-404,-543,611,-358
"1672",36081025401,4,"Queens",4025401,2727728.59966,4991,5117,5516,4981,5512,5448,5452,4936,-516,-64,-535,126
"1673",36081025402,4,"Queens",4025402,4070763.15583,9198,9834,9446,11064,8939,10064,8514,9992,1478,1125,1618,636
"1674",36081025500,4,"Queens",4025500,2345871.57811,7029,6965,6352,6519,7087,6909,6872,6371,-501,-178,167,-64
"1675",36081025700,4,"Queens",4025700,1621552.76776,5380,5796,4807,5959,5275,6328,5137,6486,1349,1053,1152,416
"1676",36081025800,4,"Queens",4025800,2280364.86975,5161,5875,5685,6179,5989,5938,6072,5639,-433,-51,494,714
"1677",36081025900,4,"Queens",4025900,2014820.56841,8572,7656,8165,7432,8930,7498,9215,7299,-1916,-1432,-733,-916
"1678",36081026000,4,"Queens",4026000,1920918.45909,4419,4322,4594,4381,4991,4516,4997,4711,-286,-475,-213,-97
"1679",36081026100,4,"Queens",4026100,2384003.7018,15619,13461,15042,13388,15569,12895,15458,12605,-2853,-2674,-1654,-2158
"1680",36081026200,4,"Queens",4026200,1540114.82171,2528,2288,2495,2350,2699,2515,2337,2432,95,-184,-145,-240
"1681",36081026300,4,"Queens",4026300,2242333.58968,12201,11636,11596,11603,12077,11104,11875,11764,-111,-973,7,-565
"1682",36081026400,4,"Queens",4026400,2739605.46011,4637,4991,4798,5022,4830,4823,4279,4901,622,-7,224,354
"1683",36081026501,4,"Queens",4026501,1155418.73161,12128,8355,10459,8465,12304,7898,12146,7809,-4337,-4406,-1994,-3773
"1684",36081026502,4,"Queens",4026502,752238.186543,2041,2110,1978,1768,2005,1696,1932,1998,66,-309,-210,69
"1685",36081026600,4,"Queens",4026600,1861807.70934,4059,3704,3908,3881,4148,3768,3918,3917,-1,-380,-27,-355
"1686",36081026700,4,"Queens",4026700,2256191.11673,27406,18907,26356,19067,28735,18399,27963,18639,-9324,-10336,-7289,-8499
"1687",36081026901,4,"Queens",4026901,1230343.79659,9386,9435,9317,9988,10300,9278,9602,9095,-507,-1022,671,49
"1688",36081026902,4,"Queens",4026902,844998.013913,4438,3605,4112,3778,4442,3549,4331,3614,-717,-893,-334,-833
"1689",36081027000,4,"Queens",4027000,1992019.02173,4783,4403,4660,4447,4619,4950,4182,5205,1023,331,-213,-380
"1690",36081027101,4,"Queens",4027101,967871.941602,4701,4016,4690,4340,5469,4312,5400,4552,-848,-1157,-350,-685
"1691",36081027102,4,"Queens",4027102,528308.620449,3259,3069,3105,3144,3580,3143,3441,3115,-326,-437,39,-190
"1692",36081027200,4,"Queens",4027200,1653862.5891,5982,5725,5971,6059,6224,6434,5788,6212,424,210,88,-257
"1693",36081027301,4,"Queens",4027301,1061782.62223,6558,6376,6560,6727,7358,6751,7122,6577,-545,-607,167,-182
"1694",36081027302,4,"Queens",4027302,1254853.34904,6650,6268,6542,6546,6943,6768,6631,6389,-242,-175,4,-382
"1695",36081027400,4,"Queens",4027400,1546921.13586,2641,2665,2787,2945,2840,2641,2508,2605,97,-199,158,24
"1696",36081027500,4,"Queens",4027500,1911640.09939,8594,8085,8604,7845,9547,7762,8951,7400,-1551,-1785,-759,-509
"1697",36081027600,4,"Queens",4027600,1708235.14529,2894,4026,2951,3940,2680,4054,2419,4028,1609,1374,989,1132
"1698",36081027701,4,"Queens",4027701,793890.559759,5355,5076,4808,5515,5359,5152,5336,4815,-521,-207,707,-279
"1699",36081027702,4,"Queens",4027702,1082232.8394,4557,3719,4485,3652,4850,3720,4599,3488,-1111,-1130,-833,-838
"1700",36081027800,4,"Queens",4027800,1887113.23052,3338,3698,3618,3973,3684,3967,3562,3823,261,283,355,360
"1701",36081027900,4,"Queens",4027900,1913241.98975,9116,8498,8869,8560,9434,7650,8999,7474,-1525,-1784,-309,-618
"1702",36081028000,4,"Queens",4028000,1775383.29948,3666,3967,3858,3737,3380,3736,3571,3714,143,356,-121,301
"1703",36081028100,4,"Queens",4028100,1877449.65647,9472,8219,8633,8320,9863,8329,9005,7983,-1022,-1534,-313,-1253
"1704",36081028200,4,"Queens",4028200,1960738.87241,3943,4048,3479,4216,3631,4171,3374,3920,546,540,737,105
"1705",36081028300,4,"Queens",4028300,1913172.77776,12252,11335,11841,11257,12902,11699,12564,10952,-1612,-1203,-584,-917
"1706",36081028400,4,"Queens",4028400,4625514.52359,9725,9354,9459,9881,9695,9164,9076,10016,940,-531,422,-371
"1707",36081028500,4,"Queens",4028500,1701419.41686,5806,5648,5600,5893,6569,5870,6471,5891,-580,-699,293,-158
"1708",36081028700,4,"Queens",4028700,2104677.73699,9561,9806,8955,9821,10124,9666,9409,9964,555,-458,866,245
"1709",36081028801,4,"Queens",4028801,2567424.27047,5202,5720,5216,5478,5152,5625,5167,5562,395,473,262,518
"1710",36081028802,4,"Queens",4028802,2152636.10173,4457,3916,4276,4377,4238,4519,4230,4552,322,281,101,-541
"1711",36081028803,4,"Queens",4028803,4065542.13966,1982,1902,1848,2457,2058,2245,1811,2196,385,187,609,-80
"1712",36081028900,4,"Queens",4028900,1859020.47819,15409,12563,14507,12995,14775,13021,14487,13379,-1108,-1754,-1512,-2846
"1713",36081029100,4,"Queens",4029100,2813950.59447,16311,15944,15087,16607,15540,16314,15010,16418,1408,774,1520,-367
"1714",36081029300,4,"Queens",4029300,1628949.05765,5345,5638,5150,5915,5356,5721,5319,5732,413,365,765,293
"1715",36081029400,4,"Queens",4029400,11458904.0992,22011,18091,21586,19361,21805,19437,21472,18475,-2997,-2368,-2225,-3920
"1716",36081029500,4,"Queens",4029500,1968262.68503,8462,8758,8108,8590,8488,8271,8142,8069,-73,-217,482,296
"1717",36081029700,4,"Queens",4029700,5596624.80535,10905,9969,10571,10045,11982,9654,11933,9142,-2791,-2328,-526,-936
"1718",36081029900,4,"Queens",4029900,4388717.37309,3104,3555,2554,3275,2714,3813,2870,3768,898,1099,721,451
"1719",36081030600,4,"Queens",4030600,14534872.3572,21549,16525,23367,17528,22350,18068,22425,16618,-5807,-4282,-5839,-5024
"1720",36081030903,4,"Queens",4030903,3785831.21802,13009,12992,12884,12675,12957,13501,12839,13041,202,544,-209,-17
"1721",36081030904,4,"Queens",4030904,4460641.88674,12779,10718,12833,10435,13662,11213,13246,11699,-1547,-2449,-2398,-2061
"1722",36081030905,4,"Queens",4030905,2079363.88481,4630,4450,4887,4552,5138,5094,5364,5193,-171,-44,-335,-180
"1723",36081030906,4,"Queens",4030906,2332475.727,8269,8844,8621,8168,9207,9584,9542,10204,662,377,-453,575
"1724",36081031700,4,"Queens",4031700,8247619.11876,14794,15740,14432,16779,17009,19075,16905,18855,1950,2066,2347,946
"1725",36081032000,4,"Queens",4032000,11399299.1525,22150,16366,22243,17302,22001,18269,22535,17164,-5371,-3732,-4941,-5784
"1726",36081032700,4,"Queens",4032700,1623732.64259,4886,4189,4556,4480,5106,4780,4868,4763,-105,-326,-76,-697
"1727",36081032800,4,"Queens",4032800,3949347.62451,6371,5731,6326,5678,6534,5828,6571,5520,-1051,-706,-648,-640
"1728",36081032900,4,"Queens",4032900,4703532.31373,16334,13286,15406,13472,16489,13506,15765,13216,-2549,-2983,-1934,-3048
"1729",36081033000,4,"Queens",4033000,8815542.34335,13590,10754,13656,11188,14572,11406,13985,11148,-2837,-3166,-2468,-2836
"1730",36081033100,4,"Queens",4033100,30591952.4835,155273,84682,151247,91532,153268,74182,146901,62823,-84078,-79086,-59715,-70591
"1731",36081033401,4,"Queens",4033401,6035942.44222,9137,6863,8983,7577,9263,7522,8716,7200,-1516,-1741,-1406,-2274
"1732",36081033403,4,"Queens",4033403,2720742.62593,10362,8006,10400,8594,9975,8274,10206,7887,-2319,-1701,-1806,-2356
"1733",36081033404,4,"Queens",4033404,2473631.60057,6573,4340,6803,4827,6934,4919,6811,4782,-2029,-2015,-1976,-2233
"1734",36081033405,4,"Queens",4033405,2959525.03861,6955,5043,6755,5613,6818,5483,6809,5163,-1646,-1335,-1142,-1912
"1735",36081033700,4,"Queens",4033700,1623669.19726,5513,4759,5357,5052,5913,4462,5837,4453,-1384,-1451,-305,-754
"1736",36081033900,4,"Queens",4033900,1623371.6312,5440,4607,4897,4569,5390,4592,5264,4945,-319,-798,-328,-833
"1737",36081034700,4,"Queens",4034700,4118366.78316,11808,12476,11291,12504,11722,12094,11044,11356,312,372,1213,668
"1738",36081035100,4,"Queens",4035100,1498730.141,5198,4823,5151,4646,5213,5093,5683,5345,-338,-120,-505,-375
"1739",36081035200,4,"Queens",4035200,6514364.15903,16350,13155,16496,13648,16474,14585,16208,14452,-1756,-1889,-2848,-3195
"1740",36081035300,4,"Queens",4035300,1670746.11794,4302,4014,4162,4273,5861,4892,6392,5010,-1382,-969,111,-288
"1741",36081035700,4,"Queens",4035700,6656192.19918,22451,14097,22115,14561,22671,14144,21285,13507,-7778,-8527,-7554,-8354
"1742",36081035800,4,"Queens",4035800,5641713.92695,8918,7575,8753,8252,8810,7687,8726,7659,-1067,-1123,-501,-1343
"1743",36081036100,4,"Queens",4036100,1693935.00364,3960,2978,3833,3260,4355,3446,4319,3442,-877,-909,-573,-982
"1744",36081036300,4,"Queens",4036300,1449334.82143,4291,3934,4500,4268,4698,4190,4512,4113,-399,-508,-232,-357
"1745",36081036500,4,"Queens",4036500,1787985.1681,4669,4444,4662,4548,5197,4700,4979,4585,-394,-497,-114,-225
"1746",36081036600,4,"Queens",4036600,3986950.25954,8846,8737,9330,9182,9672,8346,9475,8229,-1246,-1326,-148,-109
"1747",36081036700,4,"Queens",4036700,2109206.62119,5102,4010,4794,4417,5442,4004,5257,3823,-1434,-1438,-377,-1092
"1748",36081036800,4,"Queens",4036800,2510060.47688,4849,3628,4636,4102,4658,4494,4125,4375,250,-164,-534,-1221
"1749",36081037100,4,"Queens",4037100,2020823.01177,3222,2457,3124,2465,3760,2629,3417,2569,-848,-1131,-659,-765
"1750",36081037300,4,"Queens",4037300,2553731.07722,7152,6184,6797,6342,7234,6651,7086,6164,-922,-583,-455,-968
"1751",36081037501,4,"Queens",4037501,571221.067243,3101,3460,3260,3523,3344,3370,3344,3372,28,26,263,359
"1752",36081037502,4,"Queens",4037502,1077902.41103,7565,6699,7329,6982,7842,6987,7921,7046,-875,-855,-347,-866
"1753",36081037600,4,"Queens",4037600,8281319.76707,12086,12568,12054,12776,11595,12312,11109,12247,1138,717,722,482
"1754",36081037700,4,"Queens",4037700,1580389.31439,4214,4758,4215,5135,4864,4829,4798,5030,232,-35,920,544
"1755",36081037900,4,"Queens",4037900,2120846.47446,7559,6231,7130,6821,7806,5903,7461,6177,-1284,-1903,-309,-1328
"1756",36081038100,4,"Queens",4038100,3074856.18639,8930,7832,8929,8130,10067,7859,9918,7869,-2049,-2208,-799,-1098
"1757",36081038301,4,"Queens",4038301,6410554.23273,7300,7138,6758,6796,6511,7077,6353,6192,-161,566,38,-162
"1758",36081038302,4,"Queens",4038302,55202898.8953,82279,59099,51867,53318,54341,46261,46355,34660,-11695,-8080,1451,-23180
"1759",36081038400,4,"Queens",4038400,3206706.30861,6938,6255,6552,7177,6128,6892,5702,6533,831,764,625,-683
"1760",36081039400,4,"Queens",4039400,3749393.93844,8585,7418,8686,7657,7912,7529,7228,7545,317,-383,-1029,-1167
"1761",36081039800,4,"Queens",4039800,2161239.82406,3726,4191,4050,4461,4173,4489,3768,4369,601,316,411,465
"1762",36081039901,4,"Queens",4039901,1135029.47906,3763,3141,3390,3390,3662,2954,3383,2951,-432,-708,0,-622
"1763",36081039902,4,"Queens",4039902,681525.464244,3303,2186,2937,2325,2914,2149,2780,2146,-634,-765,-612,-1117
"1764",36081040000,4,"Queens",4040000,2112654.21488,3240,2862,3219,2934,3152,3380,3311,3477,166,228,-285,-378
"1765",36081040101,4,"Queens",4040101,931363.875393,3360,2502,3149,2664,3417,2435,3195,2124,-1071,-982,-485,-858
"1766",36081040102,4,"Queens",4040102,1336041.10266,6093,5295,6069,5390,6508,5128,6536,4779,-1757,-1380,-679,-798
"1767",36081040200,4,"Queens",4040200,2352448.87956,2702,2887,2670,3030,2522,3109,2538,2897,359,587,360,185
"1768",36081040301,4,"Queens",4040301,940100.87157,2792,2304,2486,2289,2781,2444,3048,2403,-645,-337,-197,-488
"1769",36081040302,4,"Queens",4040302,1197294.3759,4475,3846,4154,4012,4717,3706,4689,3678,-1011,-1011,-142,-629
"1770",36081040400,4,"Queens",4040400,5092779.16669,6743,6453,7053,6986,6609,6136,6647,6168,-479,-473,-67,-290
"1771",36081040501,4,"Queens",4040501,769154.143462,6047,5416,5901,5741,6510,5424,6210,5127,-1083,-1086,-160,-631
"1772",36081040502,4,"Queens",4040502,624443.975341,4517,3565,4168,3644,4428,3388,4545,3298,-1247,-1040,-524,-952
"1773",36081040701,4,"Queens",4040701,758360.635491,3161,2691,3253,2955,3754,3107,3647,3091,-556,-647,-298,-470
"1774",36081040702,4,"Queens",4040702,1389413.9297,4447,4518,4652,4382,4737,4344,4674,4318,-356,-393,-270,71
"1775",36081040901,4,"Queens",4040901,762702.101233,2113,2023,2233,2151,2602,2412,2844,2272,-572,-190,-82,-90
"1776",36081040902,4,"Queens",4040902,878530.486029,3065,3148,3087,3038,3370,2969,3304,3006,-298,-401,-49,83
"1777",36081041100,4,"Queens",4041100,1481730.53816,2832,2910,2928,3036,3510,2915,3164,2800,-364,-595,108,78
"1778",36081041300,4,"Queens",4041300,1709061.34182,3855,3882,3850,4196,4138,3924,3947,3813,-134,-214,346,27
"1779",36081041400,4,"Queens",4041400,5132816.5743,7282,6905,7840,7184,7584,7261,7487,7441,-46,-323,-656,-377
"1780",36081041500,4,"Queens",4041500,1866262.23851,4516,4247,4269,4459,4638,4616,4508,4531,23,-22,190,-269
"1781",36081042400,4,"Queens",4042400,5544421.06259,4304,4217,4402,4731,4400,4946,4020,5167,1147,546,329,-87
"1782",36081042600,4,"Queens",4042600,5575019.578,3666,3379,3455,3788,3496,3525,2662,3181,519,29,333,-287
"1783",36081042700,4,"Queens",4042700,1838967.62242,5553,5939,5515,5882,5984,6113,5807,5822,15,129,367,386
"1784",36081043200,4,"Queens",4043200,2600532.48074,4309,3394,5012,3545,4928,3808,4200,3679,-521,-1120,-1467,-915
"1785",36081043400,4,"Queens",4043400,2213959.96188,3453,2428,3693,2724,3648,2563,3406,2675,-731,-1085,-969,-1025
"1786",36081043701,4,"Queens",4043701,1578002.25454,4451,3694,4662,3726,5427,3701,5310,3533,-1777,-1726,-936,-757
"1787",36081043702,4,"Queens",4043702,1886326.40687,6559,6330,6421,6325,6725,6185,6531,6224,-307,-540,-96,-229
"1788",36081043900,4,"Queens",4043900,1772849.16473,5450,5424,5356,5420,5765,5328,5535,4841,-694,-437,64,-26
"1789",36081044000,4,"Queens",4044000,4055561.05947,10091,9624,9641,10333,9406,9646,8691,9838,1147,240,692,-467
"1790",36081044301,4,"Queens",4044301,1437697.82444,3195,3602,3216,3631,3684,3467,3463,3331,-132,-217,415,407
"1791",36081044302,4,"Queens",4044302,2992542.45232,5851,6157,6238,6393,7358,6044,7175,6077,-1098,-1314,155,306
"1792",36081044400,4,"Queens",4044400,9708089.68722,21103,24271,22257,25078,22530,24482,20868,24279,3411,1952,2821,3168
"1793",36081044601,4,"Queens",4044601,2419639.03462,22961,18467,22241,18504,22479,18467,20946,17132,-3814,-4012,-3737,-4494
"1794",36081044602,4,"Queens",4044602,1830580.3737,8186,6787,7837,7261,8940,7206,8817,6893,-1924,-1734,-576,-1399
"1795",36081044800,4,"Queens",4044800,2240965.78661,3064,3029,2910,3004,3909,2937,4691,2833,-1858,-972,94,-35
"1796",36081045000,4,"Queens",4045000,1889459.32176,4244,3664,4526,4168,4698,3940,5075,3794,-1281,-758,-358,-580
"1797",36081045200,4,"Queens",4045200,2316001.91052,3283,2811,3639,3195,4839,3617,5997,3152,-2845,-1222,-444,-472
"1798",36081045400,4,"Queens",4045400,2513751.30143,10289,7737,9997,8948,10608,8640,10527,8835,-1692,-1968,-1049,-2552
"1799",36081045500,4,"Queens",4045500,1594376.38431,11830,9393,12126,10205,12573,9595,12158,9613,-2545,-2978,-1921,-2437
"1800",36081045600,4,"Queens",4045600,1744395.64263,2256,1744,2147,1861,2478,2122,2427,2161,-266,-356,-286,-512
"1801",36081045700,4,"Queens",4045700,1620253.94155,3816,3082,3740,3048,4099,3511,4129,3362,-767,-588,-692,-734
"1802",36081045800,4,"Queens",4045800,2640087.98786,4270,4477,4453,4977,4794,4890,4781,4884,103,96,524,207
"1803",36081045900,4,"Queens",4045900,1473337.18214,3288,3665,3161,3428,3425,3578,3273,3451,178,153,267,377
"1804",36081046000,4,"Queens",4046000,2381695.25036,15460,12451,14402,13007,15355,12736,14278,12644,-1634,-2619,-1395,-3009
"1805",36081046100,4,"Queens",4046100,1226622.5054,4499,3640,4410,3878,4701,3939,4682,3849,-833,-762,-532,-859
"1806",36081046200,4,"Queens",4046200,2685779.77882,11242,9551,11154,10553,11716,10066,10994,9470,-1524,-1650,-601,-1691
"1807",36081046300,4,"Queens",4046300,1710782.36081,5234,4487,5341,4317,5897,4684,5825,4645,-1180,-1213,-1024,-747
"1808",36081046400,4,"Queens",4046400,2470140.25701,2859,2466,2766,2659,2894,2661,3208,2941,-267,-233,-107,-393
"1809",36081046500,4,"Queens",4046500,1396723.11332,7091,6036,7217,5820,8005,5698,7442,5640,-1802,-2307,-1397,-1055
"1810",36081046600,4,"Queens",4046600,2591346.52928,12182,10468,11636,10816,13011,11482,13111,11257,-1854,-1529,-820,-1714
"1811",36081046700,4,"Queens",4046700,1528977.75061,5493,4614,5179,4864,5512,4915,5561,5053,-508,-597,-315,-879
"1812",36081046800,4,"Queens",4046800,2471077.0781,8629,7993,8116,8675,8601,8864,8426,8634,208,263,559,-636
"1813",36081046901,4,"Queens",4046901,803853.200069,4083,3348,3935,3602,4317,3253,4390,3167,-1223,-1064,-333,-735
"1814",36081046902,4,"Queens",4046902,825704.394576,3489,3133,3303,3357,3671,3335,3579,2964,-615,-336,54,-356
"1815",36081047000,4,"Queens",4047000,2473436.55272,6281,6662,6689,6828,6593,6633,6375,6825,450,40,139,381
"1816",36081047100,4,"Queens",4047100,1692064.80596,5711,4256,5508,4515,5877,4540,5469,4790,-679,-1337,-993,-1455
"1817",36081047200,4,"Queens",4047200,5589561.64102,6768,7938,6802,8249,7178,8780,7403,8409,1006,1602,1447,1170
"1818",36081047300,4,"Queens",4047300,2136377.20741,16535,15057,15752,14658,16997,14910,16249,14490,-1759,-2087,-1094,-1478
"1819",36081047500,4,"Queens",4047500,3028835.98368,9292,8390,8876,8805,9713,8565,9602,8298,-1304,-1148,-71,-902
"1820",36081047600,4,"Queens",4047600,5844452.82662,4465,4500,4634,4773,5032,6168,5440,6012,572,1136,139,35
"1821",36081047801,4,"Queens",4047801,5600881.34693,9783,8380,9880,9417,9956,9525,9806,9153,-653,-431,-463,-1403
"1822",36081047802,4,"Queens",4047802,1427568.71121,3808,3269,3816,3532,3578,3687,3237,3536,299,109,-284,-539
"1823",36081047900,4,"Queens",4047900,4238221.04674,10674,10042,10644,9966,12166,9796,11715,10083,-1632,-2370,-678,-632
"1824",36081048000,4,"Queens",4048000,2482350.20871,5979,6274,5791,6763,5583,7027,5385,6258,873,1444,972,295
"1825",36081048100,4,"Queens",4048100,1496567.82634,8373,8094,8275,8504,8856,7915,8525,7874,-651,-941,229,-279
"1826",36081048200,4,"Queens",4048200,2454003.45578,3062,2826,3070,3257,3557,3208,3908,3238,-670,-349,187,-236
"1827",36081048301,4,"Queens",4048301,931227.030613,2872,2778,2976,2702,3143,2412,2957,2539,-418,-731,-274,-94
"1828",36081048302,4,"Queens",4048302,1453031.97066,4486,4365,3977,4182,4416,3895,4433,4219,-214,-521,205,-121
"1829",36081048400,4,"Queens",4048400,4466742.59681,8909,8889,8765,9266,8983,9117,8422,8876,454,134,501,-20
"1830",36081048500,4,"Queens",4048500,3415647.86503,12854,14620,12555,14328,13608,14268,12664,14591,1927,660,1773,1766
"1831",36081048900,4,"Queens",4048900,3902882.92769,6734,7612,6867,7378,7351,8310,7791,7844,53,959,511,878
"1832",36081049201,4,"Queens",4049201,3169915.08085,4192,3168,4448,3300,4298,3701,4224,3574,-650,-597,-1148,-1024
"1833",36081049202,4,"Queens",4049202,2063107.46942,3473,3118,3562,3369,3714,3688,3890,3700,-190,-26,-193,-355
"1834",36081049301,4,"Queens",4049301,1764042.719,3251,3558,3305,3805,3669,4125,3379,4080,701,456,500,307
"1835",36081049302,4,"Queens",4049302,2896925.43394,10076,9072,9640,9112,11284,10656,11831,10735,-1096,-628,-528,-1004
"1836",36081049500,4,"Queens",4049500,1388725.36612,2716,2865,2496,2792,2591,3075,2655,2983,328,484,296,149
"1837",36081049600,4,"Queens",4049600,2943687.16291,6655,5077,6422,5573,6880,5761,6781,5199,-1582,-1119,-849,-1578
"1838",36081049700,4,"Queens",4049700,2129377.45016,4151,4279,4014,4590,4499,4969,4820,5090,270,470,576,128
"1839",36081049900,4,"Queens",4049900,4961429.11235,11648,11219,11148,10759,12106,11460,11460,11716,256,-646,-389,-429
"1840",36081050000,4,"Queens",4050000,3612066.31878,7968,6420,8105,6909,7874,6804,7753,6628,-1125,-1070,-1196,-1548
"1841",36081050201,4,"Queens",4050201,1810554.43792,1968,2017,1899,1985,1882,1938,1953,2060,107,56,86,49
"1842",36081050202,4,"Queens",4050202,1645285.22526,2130,1697,1976,1707,1782,1813,1671,1780,109,31,-269,-433
"1843",36081050400,4,"Queens",4050400,2328381.53566,2632,2653,2672,3029,2589,2667,2392,2507,115,78,357,21
"1844",36081050500,4,"Queens",4050500,1254233.82338,2431,2299,2232,2325,2235,2426,2187,2604,417,191,93,-132
"1845",36081050600,4,"Queens",4050600,2217542.16966,3234,2459,3135,2815,3229,2600,3113,2571,-542,-629,-320,-775
"1846",36081050700,4,"Queens",4050700,4005975.40897,5529,5798,5036,5425,5336,6248,5405,6292,887,912,389,269
"1847",36081050800,4,"Queens",4050800,2363416.32278,3928,3744,4482,3721,4538,3855,4431,3816,-615,-683,-761,-184
"1848",36081051000,4,"Queens",4051000,1989781.22733,4228,5085,4334,5407,4358,5442,4334,5466,1132,1084,1073,857
"1849",36081051100,4,"Queens",4051100,2951354.81985,6475,7737,6062,7731,6234,8638,5833,8396,2563,2404,1669,1262
"1850",36081051200,4,"Queens",4051200,4044798.63002,6715,5811,6970,6182,6413,5882,6526,6429,-97,-531,-788,-904
"1851",36081051300,4,"Queens",4051300,2082794.35298,3932,4551,3763,4602,4491,5393,4442,5568,1126,902,839,619
"1852",36081051500,4,"Queens",4051500,2419769.1653,5843,6347,5704,6686,5915,7441,5766,6914,1148,1526,982,504
"1853",36081051600,4,"Queens",4051600,1976764.04574,3244,2271,3298,2840,3294,2769,3067,3001,-66,-525,-458,-973
"1854",36081051700,4,"Queens",4051700,2737061.48777,7353,7311,6986,7066,7428,7760,7456,8132,676,332,80,-42
"1855",36081051800,4,"Queens",4051800,1827884.20878,2742,2199,2786,2413,2709,2126,2642,2261,-381,-583,-373,-543
"1856",36081052000,4,"Queens",4052000,1853858.13918,2625,2412,2528,2520,2829,2703,2652,2325,-327,-126,-8,-213
"1857",36081052100,4,"Queens",4052100,2033478.65197,4074,5349,4147,5233,4602,6681,4670,6698,2028,2079,1086,1275
"1858",36081052200,4,"Queens",4052200,1827899.17757,2978,1665,2785,2129,2462,2216,2356,1996,-360,-246,-656,-1313
"1859",36081052400,4,"Queens",4052400,2111656.27515,3090,3544,3019,3749,3154,3588,3228,3736,508,434,730,454
"1860",36081052500,4,"Queens",4052500,2175165.23949,3710,4162,3727,4763,3802,5511,3750,5414,1664,1709,1036,452
"1861",36081052600,4,"Queens",4052600,1962757.73243,3565,4371,3430,4708,3298,4717,3140,4741,1601,1419,1278,806
"1862",36081052800,4,"Queens",4052800,1941579.97444,4738,4118,4909,3813,4409,3688,4253,3486,-767,-721,-1096,-620
"1863",36081053000,4,"Queens",4053000,2477580.91948,4164,3953,4068,4785,3876,4145,3542,3953,411,269,717,-211
"1864",36081053100,4,"Queens",4053100,4558842.27204,11455,12038,11217,12100,11344,14517,12048,13786,1738,3173,883,583
"1865",36081053200,4,"Queens",4053200,2043401.98828,3553,3516,3698,3831,3716,3513,3574,3366,-208,-203,133,-37
"1866",36081053401,4,"Queens",4053401,2799985.40423,5007,4694,4746,4938,5043,5113,5227,4874,-353,70,192,-313
"1867",36081053501,4,"Queens",4053501,1916282.66165,4128,4448,4256,4715,4304,4845,4527,4534,7,541,459,320
"1868",36081053502,4,"Queens",4053502,3494827.7235,6987,6238,6728,6321,6536,6613,6121,6123,2,77,-407,-749
"1869",36081053601,4,"Queens",4053601,2066594.22813,2619,2878,2414,3317,2383,3265,2453,3429,976,882,903,259
"1870",36081053800,4,"Queens",4053800,2031701.03525,3216,3264,3167,3195,3322,3326,3273,3374,101,4,28,48
"1871",36081053901,4,"Queens",4053901,4743330.72975,10671,11069,10237,10095,10089,11148,10623,11185,562,1059,-142,398
"1872",36081053902,4,"Queens",4053902,1782429.05913,929,839,949,903,986,1109,911,1156,245,123,-46,-90
"1873",36081054000,4,"Queens",4054000,5627808.84641,9827,8973,10161,8969,10025,9260,10278,9128,-1150,-765,-1192,-854
"1874",36081054200,4,"Queens",4054200,5824785.57615,11222,10530,11227,10640,12487,11022,12684,10760,-1924,-1465,-587,-692
"1875",36081054500,4,"Queens",4054500,1221365.64707,4040,4753,4163,4216,4411,4659,4509,4471,-38,248,53,713
"1876",36081054700,4,"Queens",4054700,1390289.28505,5954,5837,5890,5970,5741,5810,5573,5619,46,69,80,-117
"1877",36081054800,4,"Queens",4054800,2423672.41832,4973,4469,4971,4476,5054,4197,5026,4127,-899,-857,-495,-504
"1878",36081054900,4,"Queens",4054900,1767827.28806,10563,12078,9994,11957,10232,11936,10151,11078,927,1704,1963,1515
"1879",36081055100,4,"Queens",4055100,1669725.73225,9305,9872,8530,10013,8909,10241,8837,10378,1541,1332,1483,567
"1880",36081055200,4,"Queens",4055200,4495891.31467,12941,12751,12659,12790,12932,13307,12637,12331,-306,375,131,-190
"1881",36081055300,4,"Queens",4055300,1475828.63589,7900,7346,7732,7716,7765,8100,7447,8234,787,335,-16,-554
"1882",36081055400,4,"Queens",4055400,2368771.71428,3684,3120,3490,3495,3587,3742,3713,3803,90,155,5,-564
"1883",36081055500,4,"Queens",4055500,1654116.3069,6141,6003,6006,5838,5848,6583,5844,6354,510,735,-168,-138
"1884",36081055600,4,"Queens",4055600,2442153.50048,3683,2898,3621,3257,3871,3153,3872,3141,-731,-718,-364,-785
"1885",36081055700,4,"Queens",4055700,2577353.55578,8508,8127,8411,8017,8295,9021,8602,8698,96,726,-394,-381
"1886",36081055800,4,"Queens",4055800,2070613.64276,3195,3121,3270,2913,3309,2860,3099,2510,-589,-449,-357,-74
"1887",36081055900,4,"Queens",4055900,1747160.51775,3859,3852,3712,4145,3841,4375,3641,3947,306,534,433,-7
"1888",36081056000,4,"Queens",4056000,2300763.07059,4172,4650,3967,4280,4028,4753,4335,4571,236,725,313,478
"1889",36081056100,4,"Queens",4056100,31227050.0694,3556,3739,3411,4300,3575,4439,3353,4541,1188,864,889,183
"1890",36081056200,4,"Queens",4056200,1729177.34365,2768,3883,2911,4005,3151,4198,3191,3781,590,1047,1094,1115
"1891",36081056400,4,"Queens",4056400,2025501.90509,3965,3888,4231,3453,4489,3498,4565,3460,-1105,-991,-778,-77
"1892",36081056500,4,"Queens",4056500,1304509.4344,3501,3969,3398,3780,3152,4186,2780,4115,1335,1034,382,468
"1893",36081056600,4,"Queens",4056600,2098775.46636,4794,4350,4581,4332,5083,4755,5176,4584,-592,-328,-249,-444
"1894",36081056700,4,"Queens",4056700,3385675.09769,7267,7249,7161,8717,7022,8878,7048,8416,1368,1856,1556,-18
"1895",36081056800,4,"Queens",4056800,9137102.91612,17589,15353,17807,15875,19166,17036,18796,15762,-3034,-2130,-1932,-2236
"1896",36081057700,4,"Queens",4057700,2030058.39175,9671,9777,8969,10796,8750,10296,8271,10001,1730,1546,1827,106
"1897",36081057900,4,"Queens",4057900,743111.069896,2398,2938,2103,3015,2293,3436,2351,3327,976,1143,912,540
"1898",36081058000,4,"Queens",4058000,5917020.35853,6293,4401,6350,4940,6831,4597,6851,4139,-2712,-2234,-1410,-1892
"1899",36081058100,4,"Queens",4058100,1549676.31781,5043,4063,4712,4057,4675,4449,4746,4557,-189,-226,-655,-980
"1900",36081058200,4,"Queens",4058200,6066865.06104,8309,7004,9019,6853,9679,7439,9240,7374,-1866,-2240,-2166,-1305
"1901",36081058300,4,"Queens",4058300,1528024.01276,5776,6019,5373,5777,5533,6074,5700,6330,630,541,404,243
"1902",36081058500,4,"Queens",4058500,1842457.05748,6000,6734,5759,7126,6434,6719,6326,6611,285,285,1367,734
"1903",36081058700,4,"Queens",4058700,1549455.35177,6614,5750,5874,5832,6212,6594,5957,6477,520,382,-42,-864
"1904",36081058900,4,"Queens",4058900,1780244.68862,6357,6205,5840,5820,6694,6867,6594,7024,430,173,-20,-152
"1905",36081059000,4,"Queens",4059000,1702017.13183,1840,1899,2120,2065,2041,1944,1985,1885,-100,-97,-55,59
"1906",36081059100,4,"Queens",4059100,2174921.34625,6363,4954,6205,5115,6237,5198,6274,5497,-777,-1039,-1090,-1409
"1907",36081059200,4,"Queens",4059200,2441978.00717,1890,1578,2390,1817,2337,1939,2342,1793,-549,-398,-573,-312
"1908",36081059300,4,"Queens",4059300,2719007.54083,7934,8629,7326,8625,7807,9088,7669,8922,1253,1281,1299,695
"1909",36081059400,4,"Queens",4059400,2389902.1642,2563,1705,2907,1897,2904,2022,2885,2070,-815,-882,-1010,-858
"1910",36081059501,4,"Queens",4059501,1774156.28312,5222,4642,5085,4762,6069,5313,6287,5487,-800,-756,-323,-580
"1911",36081059502,4,"Queens",4059502,2487250.12148,7253,5918,6319,5704,7166,7043,7659,7266,-393,-123,-615,-1335
"1912",36081059600,4,"Queens",4059600,2094112.20656,3206,2106,3008,2143,3125,2497,2941,2473,-468,-628,-865,-1100
"1913",36081059800,4,"Queens",4059800,2227865.42179,5097,4172,5346,4451,5246,4305,5256,4011,-1245,-941,-895,-925
"1914",36081059900,4,"Queens",4059900,1368119.30816,2211,1969,2129,2096,2871,2775,2992,2818,-174,-96,-33,-242
"1915",36081060000,4,"Queens",4060000,1902339.61496,3109,1890,3149,2050,3097,2101,2917,2054,-863,-996,-1099,-1219
"1916",36081060100,4,"Queens",4060100,1661594.07039,4776,4427,4625,4297,4704,4960,4742,5730,988,256,-328,-349
"1917",36081060300,4,"Queens",4060300,1952653.29589,8487,7835,7924,7887,8257,8096,7516,8745,1229,-161,-37,-652
"1918",36081060600,4,"Queens",4060600,2317297.21055,3688,3143,3704,3369,3617,3305,3547,3218,-329,-312,-335,-545
"1919",36081060701,4,"Queens",4060701,7642767.93202,713,829,679,761,720,957,792,946,154,237,82,116
"1920",36081060800,4,"Queens",4060800,2271701.78961,5023,4254,4899,4410,4733,4711,4825,4412,-413,-22,-489,-769
"1921",36081061000,4,"Queens",4061000,2616057.49013,2908,2674,2803,2762,2850,3077,2596,3081,485,227,-41,-234
"1922",36081061200,4,"Queens",4061200,2830128.16083,2965,2332,3129,2295,2828,2401,2905,2023,-882,-427,-834,-633
"1923",36081061301,4,"Queens",4061301,7603813.65055,22653,21547,21836,22232,22994,23803,22822,22524,-298,809,396,-1106
"1924",36081061302,4,"Queens",4061302,5511491.1341,637,738,687,775,760,841,857,934,77,81,88,101
"1925",36081061400,4,"Queens",4061400,2772036.3162,2224,2224,2484,2219,2699,2523,2402,2521,119,-176,-265,0
"1926",36081061601,4,"Queens",4061601,4117509.64159,3277,2547,3635,2520,3617,2910,3374,2814,-560,-707,-1115,-730
"1927",36081061602,4,"Queens",4061602,4552904.45291,5066,3211,4779,3214,4949,3460,4712,3286,-1426,-1489,-1565,-1855
"1928",36081061800,4,"Queens",4061800,2600036.16087,4306,3397,4229,3754,4776,3660,4842,3467,-1375,-1116,-475,-909
"1929",36081061900,4,"Queens",4061900,2553641.97033,5862,6428,5859,7006,5696,7367,5679,7158,1479,1671,1147,566
"1930",36081062000,4,"Queens",4062000,2374809.93087,2229,1614,2493,1831,2373,1810,2221,1806,-415,-563,-662,-615
"1931",36081062100,4,"Queens",4062100,2794044.097,8173,9156,7810,9755,8810,10168,9018,10338,1320,1358,1945,983
"1932",36081062200,4,"Queens",4062200,4707833.0055,4844,3774,4980,3979,5194,4318,4754,4185,-569,-876,-1001,-1070
"1933",36081062300,4,"Queens",4062300,1688803.96563,4242,4157,4413,4070,4306,4652,4135,4320,185,346,-343,-85
"1934",36081062400,4,"Queens",4062400,5322023.20958,475,440,493,486,360,551,413,366,-47,191,-7,-35
"1935",36081062500,4,"Queens",4062500,2137199.26154,6270,6321,6293,6638,6531,8058,6499,8307,1808,1527,345,51
"1936",36081062600,4,"Queens",4062600,4651585.20208,5596,6309,5336,6322,5567,6361,5598,6519,921,794,986,713
"1937",36081062700,4,"Queens",4062700,1693386.23483,5685,5266,4994,5542,5216,5902,4980,5878,898,686,548,-419
"1938",36081062900,4,"Queens",4062900,1987938.26052,6778,8195,6524,8490,6692,8732,6619,8354,1735,2040,1966,1417
"1939",36081063000,4,"Queens",4063000,2084282.11857,3456,2578,3463,2541,3553,2487,3698,2693,-1005,-1066,-922,-878
"1940",36081063200,4,"Queens",4063200,3192812.08659,8858,6429,9010,7083,9230,7179,8975,6861,-2114,-2051,-1927,-2429
"1941",36081063301,4,"Queens",4063301,1452391.11387,2456,2910,2491,2961,3574,3583,3985,3536,-449,9,470,454
"1942",36081063302,4,"Queens",4063302,1490798.6632,3610,3573,3138,3711,3534,4205,3616,4414,798,671,573,-37
"1943",36081063500,4,"Queens",4063500,2039753.62418,4831,5351,4575,5424,4863,5953,4982,6090,1108,1090,849,520
"1944",36081063700,4,"Queens",4063700,7447820.53352,39906,36580,35197,36363,35520,37527,34515,38742,4227,2007,1166,-3326
"1945",36081063800,4,"Queens",4063800,7406880.9418,10089,7159,10756,7941,11298,8362,11170,7994,-3176,-2936,-2815,-2930
"1946",36081063900,4,"Queens",4063900,2604996.75769,7856,7520,7472,7465,8143,8488,7861,8226,365,345,-7,-336
"1947",36081064101,4,"Queens",4064101,888496.154661,2999,3423,2627,3489,2941,3730,3098,3687,589,789,862,424
"1948",36081064102,4,"Queens",4064102,24010776.9299,6758,6609,6361,6544,7064,7250,6219,7108,889,186,183,-149
"1949",36081064500,4,"Queens",4064500,3401293.31302,12149,12381,11641,11985,13466,13503,13584,13118,-466,37,344,232
"1950",36081064600,4,"Queens",4064600,4431420.37146,3815,2692,3900,3053,4304,2968,4311,2975,-1336,-1336,-847,-1123
"1951",36081065000,4,"Queens",4065000,4304601.87177,4321,3132,3743,3280,3680,3129,3516,3154,-362,-551,-463,-1189
"1952",36081065401,4,"Queens",4065401,4637075.5242,10010,8524,9588,9566,9113,9127,8952,9147,195,14,-22,-1486
"1953",36081065402,4,"Queens",4065402,2865941.9619,842,877,727,947,643,801,531,692,161,158,220,35
"1954",36081065501,4,"Queens",4065501,8754117.35902,2226,2427,2015,2363,2222,2608,2055,2643,588,386,348,201
"1955",36081065600,4,"Queens",4065600,6346461.90621,9739,7785,9860,8562,9175,7989,8633,8032,-601,-1186,-1298,-1954
"1956",36081065702,4,"Queens",4065702,1547771.97529,4349,4453,4419,4410,4371,5101,4078,4500,422,730,-9,104
"1957",36081065703,4,"Queens",4065703,2889534.89949,6853,6805,6853,6557,7516,7607,7790,8049,259,91,-296,-48
"1958",36081065900,4,"Queens",4065900,2083726.48432,2906,3489,3096,3829,3790,4119,4224,4184,-40,329,733,583
"1959",36081066000,4,"Queens",4066000,4160670.39747,4699,4014,5085,4322,5133,4329,5233,4212,-1021,-804,-763,-685
"1960",36081066100,4,"Queens",4066100,1439518.72846,2965,3053,2841,3069,3002,3086,2921,3275,354,84,228,88
"1961",36081066301,4,"Queens",4066301,3017250.41283,4784,4864,4667,5002,5475,6084,5985,6689,704,609,335,80
"1962",36081066302,4,"Queens",4066302,2656996.36807,3203,3601,2888,3500,3247,3932,2779,4897,2118,685,612,398
"1963",36081066401,4,"Queens",4066401,11982314.1459,7005,5836,7376,6559,7925,5928,6984,5400,-1584,-1997,-817,-1169
"1964",36081066402,4,"Queens",4066402,4232911.46427,5861,4510,5423,4481,5500,4474,5493,4452,-1041,-1026,-942,-1351
"1965",36081066403,4,"Queens",4066403,3916205.36524,6709,5308,6756,6539,6613,5689,6133,5498,-635,-924,-217,-1401
"1966",36081066404,4,"Queens",4066404,10975233.3216,2037,2020,1950,1986,2259,2067,2318,1968,-350,-192,36,-17
"1967",36081066501,4,"Queens",4066501,3506166.38244,6973,7971,6558,8549,7531,10112,7467,10221,2754,2581,1991,998
"1968",36081066701,4,"Queens",4066701,2769361.37133,4476,5874,4572,5856,5147,6640,4898,6920,2022,1493,1284,1398
"1969",36081066900,4,"Queens",4066900,1723437.32943,3546,4881,3646,4865,3919,5818,3803,6550,2747,1899,1219,1335
"1970",36081067100,4,"Queens",4067100,2465973.96389,5665,6403,5335,6407,5649,6921,5349,6983,1634,1272,1072,738
"1971",36081067700,4,"Queens",4067700,2001637.18342,2424,2781,2218,2762,2565,3014,2626,3154,528,449,544,357
"1972",36081067900,4,"Queens",4067900,2726931.60742,7686,7345,7414,7389,8201,8235,8180,8558,378,34,-25,-341
"1973",36081068000,4,"Queens",4068000,8269995.74376,12566,12052,11918,12557,11857,12827,11165,12438,1273,970,639,-514
"1974",36081068200,4,"Queens",4068200,2492489.8238,4213,3399,3859,3648,3536,3791,3489,3469,-20,255,-211,-814
"1975",36081068300,4,"Queens",4068300,2632326.65522,31308,26472,30358,26506,34232,28344,32277,26441,-5836,-5888,-3852,-4836
"1976",36081068700,4,"Queens",4068700,2999985.09024,5855,6529,5724,6689,6190,6894,6062,6585,523,704,965,674
"1977",36081069000,4,"Queens",4069000,3744023.56494,6297,5394,5939,5719,5995,5527,6062,5387,-675,-468,-220,-903
"1978",36081069300,4,"Queens",4069300,1538773.71447,10368,9312,10037,9292,10592,9932,10616,9904,-712,-660,-745,-1056
"1979",36081069400,4,"Queens",4069400,5647158.10849,6597,5513,6160,5275,6864,5752,6046,5395,-651,-1112,-885,-1084
"1980",36081069500,4,"Queens",4069500,2295318.78004,5715,5150,5467,5078,5529,5312,5840,5337,-503,-217,-389,-565
"1981",36081069701,4,"Queens",4069701,1432171.61511,4439,4640,4374,4334,4398,4299,4626,4600,-26,-99,-40,201
"1982",36081069702,4,"Queens",4069702,4839044.78669,6472,6362,6474,6471,6854,7041,7310,6681,-629,187,-3,-110
"1983",36081070300,4,"Queens",4070300,2596327.23248,7674,7911,6673,7811,6856,7793,6969,8236,1267,937,1138,237
"1984",36081070700,4,"Queens",4070700,2389558.69418,3525,3645,3058,3537,3444,4000,3800,3993,193,556,479,120
"1985",36081070900,4,"Queens",4070900,2364591.16843,3487,3175,3612,3176,3931,3377,3757,3493,-264,-554,-436,-312
"1986",36081071100,4,"Queens",4071100,3951135.9635,18641,16419,17751,16276,19181,17148,18757,16446,-2311,-2033,-1475,-2222
"1987",36081071303,4,"Queens",4071303,1524257.97247,5802,5515,5991,5382,5920,5812,6016,5516,-500,-108,-609,-287
"1988",36081071304,4,"Queens",4071304,1680454.99822,7712,6951,7765,7080,7938,7008,7990,7108,-882,-930,-685,-761
"1989",36081071305,4,"Queens",4071305,1441518.4501,6151,5186,5754,5711,6924,5625,7018,5299,-1719,-1299,-43,-965
"1990",36081071306,4,"Queens",4071306,1953708.86224,7551,6782,7156,6770,7516,6426,7424,6915,-509,-1090,-386,-769
"1991",36081071600,4,"Queens",4071600,197189857.369,300953,219072,298745,224017,271023,188743,256097,155973,-100124,-82280,-74728,-81881
"1992",36081071701,4,"Queens",4071701,2044997.98687,13082,13676,12810,14027,13199,14021,13363,14051,688,822,1217,594
"1993",36081071702,4,"Queens",4071702,2446733.02792,16767,15803,16749,16207,17875,16182,17085,15186,-1899,-1693,-542,-964
"1994",36081071900,4,"Queens",4071900,1783745.50974,3443,4356,3396,4541,3562,5003,3567,4676,1109,1441,1145,913
"1995",36081072100,4,"Queens",4072100,1818395.4722,5911,5730,6124,5896,7305,6563,7887,6808,-1079,-742,-228,-181
"1996",36081072300,4,"Queens",4072300,5060335.89115,3814,3490,3477,3579,4047,4158,3815,4210,395,111,102,-324
"1997",36081072900,4,"Queens",4072900,2085109.02516,4355,4504,3905,4441,4681,5205,5103,5125,22,524,536,149
"1998",36081073100,4,"Queens",4073100,2029218.07874,4531,4097,4431,4223,4703,4611,4531,4109,-422,-92,-208,-434
"1999",36081073700,4,"Queens",4073700,2268850.4921,11017,10664,10401,10681,11909,11273,11590,9991,-1599,-636,280,-353
"2000",36081073900,4,"Queens",4073900,2410955.73698,11821,10840,11627,11683,12316,11753,11949,11044,-905,-563,56,-981
"2001",36081074100,4,"Queens",4074100,1850016.89238,3649,3221,4011,3502,4168,3586,4559,3468,-1091,-582,-509,-428
"2002",36081074300,4,"Queens",4074300,2083264.30332,8571,9527,8822,9532,8696,9933,8717,10129,1412,1237,710,956
"2003",36081074500,4,"Queens",4074500,1878207.94595,4887,5508,5087,5570,5457,5661,5190,6004,814,204,483,621
"2004",36081074700,4,"Queens",4074700,3175255.14167,5496,5022,5945,4887,6415,5110,7634,4902,-2732,-1305,-1058,-474
"2005",36081074900,4,"Queens",4074900,3859945.22559,2318,2332,2228,2260,2440,2491,2474,2362,-112,51,32,14
"2006",36081075701,4,"Queens",4075701,2126567.85716,9858,8555,10048,9377,10253,8900,10751,8142,-2609,-1353,-671,-1303
"2007",36081075702,4,"Queens",4075702,3781074.75791,7677,6992,7811,7307,8039,7365,8211,7236,-975,-674,-504,-685
"2008",36081076901,4,"Queens",4076901,1938313.90083,6114,5005,6018,5496,6481,5107,6332,4971,-1361,-1374,-522,-1109
"2009",36081076902,4,"Queens",4076902,1097828.74053,4040,5023,3959,5122,4085,4979,4414,4609,195,894,1163,983
"2010",36081077300,4,"Queens",4077300,3012875.41251,5991,5284,5578,5124,5997,5381,6302,4800,-1502,-616,-454,-707
"2011",36081077500,4,"Queens",4077500,2469600.84851,5777,4851,5426,5212,5466,5062,5576,4772,-804,-404,-214,-926
"2012",36081077902,4,"Queens",4077902,6023219.05652,9007,10143,9366,9567,9182,9834,9730,9148,-582,652,201,1136
"2013",36081077903,4,"Queens",4077903,2829805.6985,3645,2863,3795,3116,3871,3171,4014,3067,-947,-700,-679,-782
"2014",36081077904,4,"Queens",4077904,4162642.57229,10862,12086,10969,12303,11034,13214,11283,12250,967,2180,1334,1224
"2015",36081077905,4,"Queens",4077905,2932214.21554,5523,5326,5299,5248,5655,5369,5604,5009,-595,-286,-51,-197
"2016",36081077906,4,"Queens",4077906,3108729.12674,6209,6024,6254,5929,6969,6879,7540,6677,-863,-90,-325,-185
"2017",36081077907,4,"Queens",4077907,2330099.65946,5387,6092,5388,6197,4959,6499,5215,5736,521,1540,809,705
"2018",36081077908,4,"Queens",4077908,2156618.58096,4067,4827,3908,5132,4604,5612,5163,5438,275,1008,1224,760
"2019",36081078800,4,"Queens",4078800,2075692.36854,4486,4730,4611,5089,5110,5066,4836,4261,-575,-44,478,244
"2020",36081079000,4,"Queens",4079000,2799200.27398,8560,6900,8168,7635,8401,7979,8262,7876,-386,-422,-533,-1660
"2021",36081079200,4,"Queens",4079200,3932343.80737,10852,10428,10850,10647,11632,10837,10551,9930,-621,-795,-203,-424
"2022",36081079300,4,"Queens",4079300,9208957.99734,530,592,450,500,565,698,594,685,91,133,50,62
"2023",36081079701,4,"Queens",4079701,1199494.67987,6796,5919,6835,6051,6956,5911,7186,5898,-1288,-1045,-784,-877
"2024",36081079702,4,"Queens",4079702,3075801.50351,7583,5226,7500,5457,7656,5504,7654,5514,-2140,-2152,-2043,-2357
"2025",36081079900,4,"Queens",4079900,3090324.21605,13559,10971,13431,11060,13830,11636,14250,11588,-2662,-2194,-2371,-2588
"2026",36081080301,4,"Queens",4080301,3400298.6437,9791,7473,10274,7904,10302,7861,10244,7687,-2557,-2441,-2370,-2318
"2027",36081080302,4,"Queens",4080302,4732483.53121,6741,4417,6954,4720,9013,4959,8480,5207,-3273,-4054,-2234,-2324
"2028",36081080900,4,"Queens",4080900,10761019.2595,20359,14247,19614,14515,23236,14802,29297,14548,-14749,-8434,-5099,-6112
"2029",36081081400,4,"Queens",4081400,3973225.76618,11822,12050,10568,11856,10984,12604,10383,13385,3002,1620,1288,228
"2030",36081081800,4,"Queens",4081800,4045500.89075,11443,11826,11566,10646,11042,10965,11626,10514,-1112,-77,-920,383
"2031",36081083700,4,"Queens",4083700,8398314.32727,10830,10027,10787,10405,11185,10272,11167,10092,-1075,-913,-382,-803
"2032",36081083800,4,"Queens",4083800,5332408.36509,12193,12446,12064,12385,12219,13323,12675,12654,-21,1104,321,253
"2033",36081084000,4,"Queens",4084000,6119171.68433,16019,16750,15884,16675,15898,16665,16582,17045,463,767,791,731
"2034",36081084500,4,"Queens",4084500,2034223.67743,5219,3905,5681,4034,6069,4194,6343,3960,-2383,-1875,-1647,-1314
"2035",36081084601,4,"Queens",4084601,3567137.57618,5964,5900,5795,6069,6304,5837,6138,5974,-164,-467,274,-64
"2036",36081084602,4,"Queens",4084602,7743090.03001,9129,8420,9634,8904,10365,7851,10863,7562,-3301,-2514,-730,-709
"2037",36081084901,4,"Queens",4084901,2201218.83463,11299,10213,11386,10459,11605,10974,11028,11624,596,-631,-927,-1086
"2038",36081084902,4,"Queens",4084902,1071584.3225,9339,7195,9783,7107,9586,6932,9524,6778,-2746,-2654,-2676,-2144
"2039",36081085300,4,"Queens",4085300,2102465.73317,22789,17382,22968,17013,23702,15670,23014,15344,-7670,-8032,-5955,-5407
"2040",36081085500,4,"Queens",4085500,1405499.92247,7643,6328,7725,6013,8125,6013,8448,6064,-2384,-2112,-1712,-1315
"2041",36081085700,4,"Queens",4085700,1425026.45014,6494,5872,7089,5621,6979,5419,7205,5332,-1873,-1560,-1468,-622
"2042",36081085900,4,"Queens",4085900,1570941.13749,5026,4082,5340,3850,5237,4010,5469,4073,-1396,-1227,-1490,-944
"2043",36081086100,4,"Queens",4086100,1605948.16864,5065,4033,4829,3833,4846,3666,5177,3658,-1519,-1180,-996,-1032
"2044",36081086300,4,"Queens",4086300,1551084.25607,5630,5330,5945,5128,6078,4646,6171,4686,-1485,-1432,-817,-300
"2045",36081086400,4,"Queens",4086400,12090470.8491,26987,24533,26303,24541,27047,26972,27191,31113,3922,-75,-1762,-2454
"2046",36081086500,4,"Queens",4086500,1702759.70912,12145,9445,12557,9343,12194,8892,12405,8789,-3616,-3302,-3214,-2700
"2047",36081086900,4,"Queens",4086900,6618402.90741,36464,33429,36414,33518,35297,32692,35325,31258,-4067,-2605,-2896,-3035
"2048",36081087100,4,"Queens",4087100,4757781.57368,67424,55069,64765,54377,63318,51849,62285,50263,-12022,-11469,-10388,-12355
"2049",36081088400,4,"Queens",4088400,16672406.5334,30431,32650,29710,33883,29849,37274,30028,37141,7113,7425,4173,2219
"2050",36081088902,4,"Queens",4088902,3109873.95265,9992,8593,9704,8578,9662,7809,10221,7864,-2357,-1853,-1126,-1399
"2051",36081088903,4,"Queens",4088903,3964421.10921,10886,11643,10579,11562,10999,11253,10836,11495,659,254,983,757
"2052",36081089201,4,"Queens",4089201,19157615.4854,47141,51690,46942,52878,48055,60027,47521,57923,10402,11972,5936,4549
"2053",36081089202,4,"Queens",4089202,11848150.5802,753,1191,778,903,744,1138,717,1004,287,394,125,438
"2054",36081090700,4,"Queens",4090700,21709172.2424,33594,31394,36361,31559,34976,34537,35022,32902,-2120,-439,-4802,-2200
"2055",36081091602,4,"Queens",4091602,13697953.3829,1759,1343,2106,1476,2164,2419,2052,2460,408,255,-630,-416
"2056",36081091603,4,"Queens",4091603,20167953.7455,20319,19067,19583,20755,15155,16925,13663,14813,1150,1770,1172,-1252
"2057",36081091604,4,"Queens",4091604,26842877.3728,8809,7380,9314,7681,4723,4337,2390,1764,-626,-386,-1633,-1429
"2058",36081091800,4,"Queens",4091800,12097073.1845,6076,3541,8403,4725,4521,4314,2277,2282,5,-207,-3678,-2535
"2059",36081091900,4,"Queens",4091900,4908993.79623,12409,10788,12688,10613,12530,11037,12617,11005,-1612,-1493,-2075,-1621
"2060",36081092200,4,"Queens",4092200,6859442.43127,8942,8333,8832,8531,8552,8371,8487,8471,-16,-181,-301,-609
"2061",36081092500,4,"Queens",4092500,3362669.21107,11816,9912,11655,10143,12198,10294,12035,9816,-2219,-1904,-1512,-1904
"2062",36081092800,4,"Queens",4092800,8209412.79799,11966,11691,12216,12571,11769,12278,11621,11929,308,509,355,-275
"2063",36081092900,4,"Queens",4092900,10263731.6381,22422,19305,22732,20056,23340,20027,22859,18931,-3928,-3313,-2676,-3117
"2064",36081093401,4,"Queens",4093401,5833409.64347,12107,14734,12015,15331,11511,15670,11281,14067,2786,4159,3316,2627
"2065",36081093402,4,"Queens",4093402,4251505.12557,8254,8031,7884,8266,7844,7764,7928,6794,-1134,-80,382,-223
"2066",36081093800,4,"Queens",4093800,8709737.4647,23649,24166,24383,26339,23151,25555,22441,22252,-189,2404,1956,517
"2067",36081093900,4,"Queens",4093900,7059359.46678,10051,9764,9923,9831,10194,11221,10805,10837,32,1027,-92,-287
"2068",36081094201,4,"Queens",4094201,3634448.15388,8887,7848,10099,8260,9830,7845,9286,6337,-2949,-1985,-1839,-1039
"2069",36081094202,4,"Queens",4094202,7693490.59326,12649,12187,13316,12654,13316,12664,12486,10828,-1658,-652,-662,-462
"2070",36081094203,4,"Queens",4094203,5583460.76781,13842,11963,15236,13387,13156,12902,11825,10785,-1040,-254,-1849,-1879
"2071",36081094500,4,"Queens",4094500,16470123.1369,51435,53304,50507,53919,51450,57553,49456,56067,6611,6103,3412,1869
"2072",36081094700,4,"Queens",4094700,2935620.74361,7693,6889,7412,7058,8011,7402,7844,7242,-602,-609,-354,-804
"2073",36081095400,4,"Queens",4095400,8729578.67725,12377,10743,13507,11742,12624,10986,12444,11137,-1307,-1638,-1765,-1634
"2074",36081096400,4,"Queens",4096400,9237368.93414,10112,7855,10927,8440,10220,7768,9783,7000,-2783,-2452,-2487,-2257
"2075",36081097202,4,"Queens",4097202,6206325.54238,3462,3240,3658,3605,3779,3337,3355,3228,-127,-442,-53,-222
"2076",36081097204,4,"Queens",4097204,4214119.93957,7156,5702,7273,6393,6993,6519,7381,5955,-1426,-474,-880,-1454
"2077",36081097205,4,"Queens",4097205,1896045.96628,3536,3394,3531,3414,3632,3161,3558,3235,-323,-471,-117,-142
"2078",36081097206,4,"Queens",4097206,3307274.09355,3444,3339,3244,3746,3490,3687,3342,3379,37,197,502,-105
"2079",36081097207,4,"Queens",4097207,8929707.74003,484,836,482,852,439,920,422,1004,582,481,370,352
"2080",36081097300,4,"Queens",4097300,5638287.01884,8292,9266,8604,9773,9523,11516,9668,11218,1550,1993,1169,974
"2081",36081098100,4,"Queens",4098100,6966183.65135,13646,16027,14643,17072,15917,18981,15387,18676,3289,3064,2429,2381
"2082",36081098700,4,"Queens",4098700,7208254.60171,20719,19001,21840,19752,24417,21247,23746,21258,-2488,-3170,-2088,-1718
"2083",36081099100,4,"Queens",4099100,11676757.4614,16106,14139,16902,14810,19028,16751,18729,17229,-1500,-2277,-2092,-1967
"2084",36081099200,4,"Queens",4099200,6268483.18221,6657,7495,7002,8045,7219,7633,7392,7279,-113,414,1043,838
"2085",36081099701,4,"Queens",4099701,10495254.3024,9038,8996,8922,8302,10374,10035,9676,10391,715,-339,-620,-42
"2086",36081099703,4,"Queens",4099703,6202992.87295,10138,9426,9880,9302,10271,9142,10304,8675,-1629,-1129,-578,-712
"2087",36081099704,4,"Queens",4099704,7247413.85185,29085,25306,31927,27033,30597,26609,30032,25195,-4837,-3988,-4894,-3779
"2088",36081099705,4,"Queens",4099705,4729593.13199,9803,9766,10174,10905,11555,11349,11462,11187,-275,-206,731,-37
"2089",36081099801,4,"Queens",4099801,4916319.37382,9755,9879,10297,9711,10139,9656,10069,9352,-717,-483,-586,124
"2090",36081099802,4,"Queens",4099802,4665392.94573,6556,6195,7474,6984,6832,6237,7013,5778,-1235,-595,-490,-361
"2091",36081099900,4,"Queens",4099900,6957321.57064,3218,3283,3514,3525,4144,3795,3589,4134,545,-349,11,65
"2092",36081100801,4,"Queens",4100801,6931019.21526,3488,3787,3831,3955,3634,4299,3757,3867,110,665,124,299
"2093",36081100803,4,"Queens",4100803,3741127.1361,11543,11871,11848,12694,11356,12143,10907,11186,279,787,846,328
"2094",36081100804,4,"Queens",4100804,7453660.94806,5606,6062,5586,6577,5905,6197,6238,5420,-818,292,991,456
"2095",36081101002,4,"Queens",4101002,5796453.18737,4168,4432,4715,4314,5248,4475,5536,4516,-1020,-773,-401,264
"2096",36081101003,4,"Queens",4101003,2517591.73709,6373,6764,6788,7333,6921,6717,6581,6549,-32,-204,545,391
"2097",36081101004,4,"Queens",4101004,6199308.08592,9667,8309,11001,8667,9781,8460,9394,7849,-1545,-1321,-2334,-1358
"2098",36081101700,4,"Queens",4101700,10640265.4376,19068,21093,19720,22261,21499,23732,21361,24026,2665,2233,2541,2025
"2099",36081102900,4,"Queens",4102900,5270086.56131,10720,10703,10804,10871,14787,14362,15276,14019,-1257,-425,67,-17
"2100",36081103201,4,"Queens",4103201,4311253.43041,8269,8705,9310,9186,9538,8986,9157,9041,-116,-552,-124,436
"2101",36081103202,4,"Queens",4103202,7674612.92879,9031,9999,9325,9525,9978,10057,10449,9633,-816,79,200,968
"2102",36081103300,4,"Queens",4103300,6525351.57753,12337,14311,12637,14140,13124,15084,11909,14952,3043,1960,1503,1974
"2103",36081103900,4,"Queens",4103900,9352835.7877,16538,14946,16423,15743,18839,17545,18819,17252,-1567,-1294,-680,-1592
"2104",36081104700,4,"Queens",4104700,9061045.61866,19537,20226,19241,20054,22130,20733,21792,21174,-618,-1397,813,689
"2105",36081105900,4,"Queens",4105900,7005038.86431,10802,11319,10784,10916,11036,11365,11163,11854,691,329,132,517
"2106",36081107201,4,"Queens",4107201,15199225.2127,8804,8577,8954,8757,9126,9852,9229,9765,536,726,-197,-227
"2107",36081107202,4,"Queens",4107202,69920670.4341,1727,1892,1770,1988,1605,1996,1403,1926,523,391,218,165
"2108",36081108500,4,"Queens",4108500,4792436.90273,9399,9184,9598,8667,9336,9612,9579,10077,498,276,-931,-215
"2109",36081109300,4,"Queens",4109300,11521331.9901,11157,12018,12152,11749,11367,10891,11829,10431,-1398,-476,-403,861
"2110",36081109700,4,"Queens",4109700,4792217.5145,6618,6719,7600,8044,8736,7164,10015,6971,-3044,-1572,444,101
"2111",36081109900,4,"Queens",4109900,4073754.58592,11826,12369,11470,12287,12858,14965,13088,14295,1207,2107,817,543
"2112",36081111300,4,"Queens",4111300,7852794.03197,5527,4457,5544,4741,6147,5295,6016,5157,-859,-852,-803,-1070
"2113",36081112300,4,"Queens",4112300,3005919.53374,15637,15744,15227,16064,15866,16773,15264,15604,340,907,837,107
"2114",36081112900,4,"Queens",4112900,3819983.30012,6968,5763,6994,6142,7367,6653,7454,5999,-1455,-714,-852,-1205
"2115",36081113300,4,"Queens",4113300,2746668.2502,5210,5089,5064,4836,5146,5422,5033,5328,295,276,-228,-121
"2116",36081113900,4,"Queens",4113900,4132815.95031,10141,10622,10537,11082,12299,12498,12981,12332,-649,199,545,481
"2117",36081114100,4,"Queens",4114100,4816036.14514,7160,7272,7799,7533,8090,8418,8711,9115,404,328,-266,112
"2118",36081114700,4,"Queens",4114700,3311049.74797,4725,5026,4814,5356,4801,5247,4655,5356,701,446,542,301
"2119",36081115100,4,"Queens",4115100,3190090.11297,2999,2637,3375,2890,3395,2933,3125,2778,-347,-462,-485,-362
"2120",36081115500,4,"Queens",4115500,2013039.54766,6130,6427,6364,6785,6520,6534,6528,6308,-220,14,421,297
"2121",36081115700,4,"Queens",4115700,3386397.36789,11263,11274,10759,11439,11571,10607,12165,10811,-1354,-964,680,11
"2122",36081115900,4,"Queens",4115900,3326142.61742,6478,6330,6388,6438,6756,5964,6707,6066,-641,-792,50,-148
"2123",36081116100,4,"Queens",4116100,1891158.36839,7355,5679,7697,5622,8221,5563,8721,5795,-2926,-2658,-2075,-1676
"2124",36081116301,4,"Queens",4116301,1435920.78192,8552,10178,8686,9866,8529,8857,8649,8739,90,328,1180,1626
"2125",36081116302,4,"Queens",4116302,1271235.72594,4156,4041,4414,4030,4503,3637,4242,3689,-553,-866,-384,-115
"2126",36081116700,4,"Queens",4116700,1787963.29166,8197,7202,8355,7523,8708,7115,8059,6882,-1177,-1593,-832,-995
"2127",36081117100,4,"Queens",4117100,4280909.67778,25730,30284,25240,29895,25297,28173,24957,26044,1087,2876,4655,4554
"2128",36081117500,4,"Queens",4117500,6052324.02773,14321,14169,13955,13907,14098,14609,13975,14051,76,511,-48,-152
"2129",36081118100,4,"Queens",4118100,2098923.48388,6924,7717,6817,7684,7037,8099,7428,7916,488,1062,867,793
"2130",36081118500,4,"Queens",4118500,1665902.06674,5891,5764,5701,6018,5679,5200,5391,4987,-404,-479,317,-127
"2131",36081118700,4,"Queens",4118700,2015272.43684,2927,2328,3030,2584,3319,2255,3488,2105,-1383,-1064,-446,-599
"2132",36081118900,4,"Queens",4118900,2176995.5181,3862,3912,4083,3866,4230,3635,4347,3224,-1123,-595,-217,50
"2133",36081119100,4,"Queens",4119100,2342906.77443,8213,9251,7925,9156,7607,8815,7639,8508,869,1208,1231,1038
"2134",36081119300,4,"Queens",4119300,2275552.37289,4956,5307,4693,5419,5060,4935,5044,4691,-353,-125,726,351
"2135",36081119500,4,"Queens",4119500,2037041.6053,3480,2784,3503,2812,3674,2905,3588,2830,-758,-769,-691,-696
"2136",36081119900,4,"Queens",4119900,1983090.66585,2447,2258,2371,2303,2422,2017,2186,2051,-135,-405,-68,-189
"2137",36081120100,4,"Queens",4120100,1753647.1337,3432,4080,3398,4171,3677,4247,3742,3919,177,570,773,648
"2138",36081120300,4,"Queens",4120300,1980421.63677,2448,2181,2505,2190,2693,2283,2655,2337,-318,-410,-315,-267
"2139",36081120500,4,"Queens",4120500,2176840.29206,6707,5071,6801,5161,6758,5191,6485,5349,-1136,-1567,-1640,-1636
"2140",36081120701,4,"Queens",4120701,4246353.88787,5167,5599,4971,5744,5390,5851,5051,5893,842,461,773,432
"2141",36081120702,4,"Queens",4120702,3365736.35466,653,725,701,683,722,706,725,723,-2,-16,-18,72
"2142",36081121100,4,"Queens",4121100,11016228.2299,2336,2004,2228,2272,2412,2570,2077,2570,493,158,44,-332
"2143",36081121500,4,"Queens",4121500,6806317.26142,8768,7838,8738,8408,9167,8314,9175,8108,-1067,-853,-330,-930
"2144",36081122300,4,"Queens",4122300,5312336.8817,7623,7737,8346,7864,8851,8344,8395,8268,-127,-507,-482,114
"2145",36081122702,4,"Queens",4122702,4832974.04167,14658,15100,15783,15051,15905,15388,16693,15962,-731,-517,-732,442
"2146",36081122703,4,"Queens",4122703,4734221.40597,14067,11744,14238,11570,13911,11498,14512,11511,-3001,-2413,-2668,-2323
"2147",36081122704,4,"Queens",4122704,2820261.53518,8075,7401,8109,7433,8144,7500,8192,7131,-1061,-644,-676,-674
"2148",36081124100,4,"Queens",4124100,5369893.92546,8728,8012,8905,7795,8859,8169,9220,8112,-1108,-690,-1110,-716
"2149",36081124700,4,"Queens",4124700,5206785.82476,9422,10715,9157,10190,8651,10460,9166,10375,1209,1809,1033,1293
"2150",36081125700,4,"Queens",4125700,3566900.58729,7062,7588,6958,7853,7104,8482,7979,7659,-320,1378,895,526
"2151",36081126500,4,"Queens",4126500,2156793.58586,5698,5542,5640,5603,5563,5677,5660,5327,-333,114,-37,-156
"2152",36081126700,4,"Queens",4126700,8286325.80118,18070,18144,19433,16580,19303,18335,22978,15879,-7099,-968,-2853,74
"2153",36081127700,4,"Queens",4127700,11505210.2965,19691,19842,18516,19406,17331,23141,17751,21762,4011,5810,890,151
"2154",36081128300,4,"Queens",4128300,21304892.7287,6311,6611,6172,6662,6419,7552,6386,8936,2550,1133,490,300
"2155",36081129102,4,"Queens",4129102,10674558.1859,10310,10438,10139,10832,10226,11898,10475,10849,374,1672,693,128
"2156",36081129103,4,"Queens",4129103,4939340.81741,8570,6866,8453,7526,8714,7497,8833,7496,-1337,-1217,-927,-1704
"2157",36081129104,4,"Queens",4129104,7620707.66173,9549,8279,9956,8778,10328,9870,10262,9495,-767,-458,-1178,-1270
"2158",36081130100,4,"Queens",4130100,7518444.16348,11830,10586,12022,11156,12414,11483,12661,10831,-1830,-931,-866,-1244
"2159",36081133300,4,"Queens",4133300,7439226.98344,11681,12574,11917,12760,11740,14535,11578,13785,2207,2795,843,893
"2160",36081133900,4,"Queens",4133900,2434847.62217,5341,6229,5145,5793,5361,6277,5132,6131,999,916,648,888
"2161",36081134100,4,"Queens",4134100,6391295.1594,12961,14046,13390,13959,14582,15135,15121,14940,-181,553,569,1085
"2162",36081134701,4,"Queens",4134701,4996949.42201,26745,24976,27309,26476,26501,26463,25700,25083,-617,-38,-833,-1769
"2163",36081134702,4,"Queens",4134702,6621400.08815,13607,13612,14896,14709,16671,15999,19163,17209,-1954,-672,-187,5
"2164",36081136700,4,"Queens",4136700,8318759.26786,15192,14089,16723,14639,17655,14956,17692,14210,-3482,-2699,-2084,-1103
"2165",36081137700,4,"Queens",4137700,8081409.27265,18297,17836,18562,18364,19512,18950,19504,18166,-1338,-562,-198,-461
"2166",36081138501,4,"Queens",4138501,11182800.2907,15969,12350,15909,12299,18146,12606,23541,12303,-11238,-5540,-3610,-3619
"2167",36081138502,4,"Queens",4138502,26132395.8972,4478,4902,4582,5076,4843,5263,4692,5134,442,420,494,424
"2168",36081139900,4,"Queens",4139900,3925389.07904,4539,4738,4474,4762,5089,4951,5123,4565,-558,-138,288,199
"2169",36081140300,4,"Queens",4140300,4029511.48046,5964,5595,6347,6018,6537,6900,6779,6363,-416,363,-329,-369
"2170",36081140901,4,"Queens",4140901,2632594.78429,3873,3453,4249,3450,4547,3918,4461,3731,-730,-629,-799,-420
"2171",36081140902,4,"Queens",4140902,5785858.89225,10220,10106,10161,10379,10851,10500,10848,10459,-389,-351,218,-114
"2172",36081141700,4,"Queens",4141700,9607744.96611,14836,14785,15029,15599,17316,16501,19984,16257,-3727,-815,570,-51
"2173",36081142900,4,"Queens",4142900,5720440.48312,9098,9350,9196,9224,9615,9284,9444,9223,-221,-331,28,252
"2174",36081143500,4,"Queens",4143500,3843565.44031,5059,5053,5243,5131,5288,5389,5202,5336,134,101,-112,-6
"2175",36081144100,4,"Queens",4144100,3630986.77698,5283,4169,5120,4378,5531,4483,5493,4494,-999,-1048,-742,-1114
"2176",36081144700,4,"Queens",4144700,4456988.92119,14531,14750,13857,14158,15113,14809,14709,13634,-1075,-304,301,219
"2177",36081145101,4,"Queens",4145101,2704350.17831,9802,11030,9825,10967,11084,12430,11327,12902,1575,1346,1142,1228
"2178",36081145102,4,"Queens",4145102,3684551.32791,6955,6788,6978,7071,7268,7439,7092,7671,579,171,93,-167
"2179",36081145900,4,"Queens",4145900,4007243.38258,8969,10039,8930,10345,9052,10757,9555,10076,521,1705,1415,1070
"2180",36081146300,4,"Queens",4146300,3476672.39516,12598,12601,13173,13312,12849,13956,12512,13577,1065,1107,139,3
"2181",36081146700,4,"Queens",4146700,3807224.7104,16261,14659,15830,14796,15685,14679,15786,13991,-1795,-1006,-1034,-1602
"2182",36081147100,4,"Queens",4147100,4541348.01827,18475,18138,18776,18058,18165,18107,17468,16537,-931,-58,-718,-337
"2183",36081147900,4,"Queens",4147900,9172314.82292,17257,16930,17229,17729,19006,17725,18410,16991,-1419,-1281,500,-327
"2184",36081148300,4,"Queens",4148300,14237229.3159,8890,8597,9284,8370,9848,10223,9810,9730,-80,375,-914,-293
"2185",36081150701,4,"Queens",4150701,9443703.42114,12384,11034,12319,11307,14590,12927,14895,12429,-2466,-1663,-1012,-1350
"2186",36081150702,4,"Queens",4150702,9051537.73045,16543,16095,16358,16533,17792,16973,17511,16844,-667,-819,175,-448
"2187",36081152901,4,"Queens",4152901,15065142.5801,18997,18278,20385,18455,21434,19247,20703,18142,-2561,-2187,-1930,-719
"2188",36081152902,4,"Queens",4152902,11179533.2952,13049,11927,14195,12037,14629,12165,14376,11649,-2727,-2464,-2158,-1122
"2189",36081155101,4,"Queens",4155101,5120603.95867,5151,3806,5197,4075,5352,4052,5132,3771,-1361,-1300,-1122,-1345
"2190",36081155103,4,"Queens",4155103,7740917.40405,8026,7030,8601,7094,8656,7546,9456,7785,-1671,-1110,-1507,-996
"2191",36081155104,4,"Queens",4155104,7617998.217,30338,26729,31671,26476,32333,28168,32686,26208,-6478,-4165,-5195,-3609
"2192",36081156700,4,"Queens",4156700,15837098.9255,8819,8578,10561,10084,13215,10656,14801,10271,-4530,-2559,-477,-241
"2193",36081157101,4,"Queens",4157101,13186425.4891,18493,19808,18572,20024,19465,20042,19021,18702,-319,577,1452,1315
"2194",36081157102,4,"Queens",4157102,3458891.85035,4872,4590,5016,4581,4644,4850,4668,4867,199,206,-435,-282
"2195",36081157901,4,"Queens",4157901,9833175.45852,11105,9704,10959,9970,11636,10327,11380,10107,-1273,-1309,-989,-1401
"2196",36081157902,4,"Queens",4157902,7773114.36942,12202,12891,12752,13240,14083,13934,14648,13793,-855,-149,488,689
"2197",36081157903,4,"Queens",4157903,7335307.64014,12330,11899,12443,11803,12259,12208,12711,11626,-1085,-51,-640,-431
"2198",36081161700,4,"Queens",4161700,7560560.57892,12900,13826,12819,13412,14953,14702,13801,15026,1225,-251,593,926
"2199",36081162100,4,"Queens",4162100,7760741.4287,14156,15454,13746,15653,14151,16154,13879,15458,1579,2003,1907,1298
"2200",36085000300,5,"Staten Island",5000300,4116728.66464,31266,19674,32233,19850,32516,17923,32926,16283,-16643,-14593,-12383,-11592
"2201",36085000600,5,"Staten Island",5000600,7194727.83074,12334,11554,12849,11963,12933,12244,13242,11800,-1442,-689,-886,-780
"2202",36085000700,5,"Staten Island",5000700,5500140.82692,11529,8186,11385,8296,12427,8627,12480,8800,-3680,-3800,-3089,-3343
"2203",36085000800,5,"Staten Island",5000800,8571797.35693,14738,14361,15992,15209,16531,16303,16802,15868,-934,-228,-783,-377
"2204",36085000900,5,"Staten Island",5000900,2497009.68388,3396,2638,3527,2774,3904,3036,3893,2887,-1006,-868,-753,-758
"2205",36085001100,5,"Staten Island",5001100,3496829.93843,7227,6699,7394,7243,7682,7270,8028,6397,-1631,-412,-151,-528
"2206",36085001700,5,"Staten Island",5001700,3295780.603,2982,3016,2886,3373,2837,3265,2687,3263,576,428,487,34
"2207",36085001800,5,"Staten Island",5001800,9867249.10447,3162,2793,3061,2721,3221,2590,3223,2372,-851,-631,-340,-369
"2208",36085002001,5,"Staten Island",5002001,5514741.85812,5542,5334,5723,5594,6026,5736,6646,5704,-942,-290,-129,-208
"2209",36085002002,5,"Staten Island",5002002,8280213.15025,9166,9189,9240,9453,11363,12094,13002,11875,-1127,731,213,23
"2210",36085002100,5,"Staten Island",5002100,9292914.51659,24010,20909,24640,20732,24384,20458,24240,18998,-5242,-3926,-3908,-3101
"2211",36085002700,5,"Staten Island",5002700,2702766.38096,6222,5098,6328,5133,6487,5222,6545,5149,-1396,-1265,-1195,-1124
"2212",36085002900,5,"Staten Island",5002900,5669716.01238,10252,7331,10891,7607,12177,7562,12251,7002,-5249,-4615,-3284,-2921
"2213",36085003300,5,"Staten Island",5003300,9208860.05178,6013,4572,6234,4594,9123,7124,9890,7044,-2846,-1999,-1640,-1441
"2214",36085003600,5,"Staten Island",5003600,4412551.61495,6398,6207,7024,6167,6235,6573,6097,6969,872,338,-857,-191
"2215",36085003900,5,"Staten Island",5003900,6299628.74993,3868,3333,3672,3037,3943,3346,5027,3729,-1298,-597,-635,-535
"2216",36085004001,5,"Staten Island",5004001,3280268.14032,4652,4264,4798,4643,4687,4170,4813,4184,-629,-517,-155,-388
"2217",36085004002,5,"Staten Island",5004002,3489305.17375,5009,4662,5398,5152,5585,4927,5775,4891,-884,-658,-246,-347
"2218",36085004003,5,"Staten Island",5004003,2255580.67694,8468,6823,9350,7198,9874,7313,9240,8062,-1178,-2561,-2152,-1645
"2219",36085004004,5,"Staten Island",5004004,3812668.54888,6056,5343,6384,5468,6595,5172,6713,5306,-1407,-1423,-916,-713
"2220",36085004700,5,"Staten Island",5004700,9615341.42618,10531,8620,9214,7018,10178,7710,10758,8315,-2443,-2468,-2196,-1911
"2221",36085005000,5,"Staten Island",5005000,8988537.59881,14705,12420,15258,12422,16535,13650,17367,13368,-3999,-2885,-2836,-2285
"2222",36085005901,5,"Staten Island",5005901,10114541.2369,7990,7047,7990,7256,9421,8316,8702,8044,-658,-1105,-734,-943
"2223",36085005902,5,"Staten Island",5005902,4820406.41655,935,941,776,947,977,1006,965,1147,182,29,171,6
"2224",36085006400,5,"Staten Island",5006400,7634688.10702,14061,12342,14256,12848,15480,15266,16079,15031,-1048,-214,-1408,-1719
"2225",36085006700,5,"Staten Island",5006700,10256492.3551,17960,16079,17784,16612,19243,18253,20175,18816,-1359,-990,-1172,-1881
"2226",36085007001,5,"Staten Island",5007001,5089009.42221,14910,12935,14377,13187,14279,13251,14611,13876,-735,-1028,-1190,-1975
"2227",36085007002,5,"Staten Island",5007002,23648157.7993,29013,25209,30058,26330,30113,27262,28666,26429,-2237,-2851,-3728,-3804
"2228",36085007400,5,"Staten Island",5007400,5788237.97645,11662,11990,12545,12564,12301,12762,11924,12048,124,461,19,328
"2229",36085007500,5,"Staten Island",5007500,5158898.68456,8231,7023,8089,6858,8459,6784,7995,6633,-1362,-1675,-1231,-1208
"2230",36085007700,5,"Staten Island",5007700,2674908.16878,3273,3282,3626,3732,3564,3374,3660,3252,-408,-190,106,9
"2231",36085008100,5,"Staten Island",5008100,8222204.04213,8460,8594,9055,9721,9605,8676,10095,8307,-1788,-929,666,134
"2232",36085009601,5,"Staten Island",5009601,8357605.75298,15299,12739,15009,13183,16239,14172,16330,13996,-2334,-2067,-1826,-2560
"2233",36085009602,5,"Staten Island",5009602,6651764.24626,12947,12514,12595,12421,13767,13883,14108,14173,65,116,-174,-433
"2234",36085009701,5,"Staten Island",5009701,7426370.73979,10977,11143,11032,11425,11365,11898,11212,11731,519,533,393,166
"2235",36085009702,5,"Staten Island",5009702,3768355.17542,1995,1679,2042,2124,2368,3071,2055,2287,232,703,82,-316
"2236",36085010500,5,"Staten Island",5010500,8794153.16471,19324,18858,19353,18937,20755,20008,20649,19555,-1094,-747,-416,-466
"2237",36085011201,5,"Staten Island",5011201,17602509.9332,20610,19999,21215,20365,21658,22067,21057,22089,1032,409,-850,-611
"2238",36085011203,5,"Staten Island",5011203,10829860.3028,23335,21927,24395,21865,26715,23711,27204,23302,-3902,-3004,-2530,-1408
"2239",36085011204,5,"Staten Island",5011204,10866804.3473,3903,4576,4437,4555,5947,6711,7468,8310,842,764,118,673
"2240",36085011401,5,"Staten Island",5011401,5672548.77333,9352,10073,8938,9667,10179,10638,9777,10827,1050,459,729,721
"2241",36085011402,5,"Staten Island",5011402,6228603.90987,12934,11607,12316,11850,13064,13323,13050,12644,-406,259,-466,-1327
"2242",36085012100,5,"Staten Island",5012100,7991818.06228,16733,16370,16216,15964,17175,17567,16438,17900,1462,392,-252,-363
"2243",36085012200,5,"Staten Island",5012200,8917444.27608,22401,20143,21940,20433,24349,22819,25016,22929,-2087,-1530,-1507,-2258
"2244",36085012500,5,"Staten Island",5012500,4952180.29535,8028,7625,8130,8130,9333,8260,9870,8159,-1711,-1073,0,-403
"2245",36085012804,5,"Staten Island",5012804,9446184.75108,23493,29329,24281,30101,26369,30061,25163,28509,3346,3692,5820,5836
"2246",36085012805,5,"Staten Island",5012805,10625946.3665,6131,6349,6398,6514,6452,6911,6540,6677,137,459,116,218
"2247",36085012806,5,"Staten Island",5012806,13858119.8656,21606,19646,21558,19596,22076,20625,22078,20178,-1900,-1451,-1962,-1960
"2248",36085013201,5,"Staten Island",5013201,5054382.96572,8288,7559,7761,7893,9394,8033,12318,9357,-2961,-1361,132,-729
"2249",36085013203,5,"Staten Island",5013203,11124441.3504,15921,16179,16899,16697,20747,18601,22816,18512,-4304,-2146,-202,258
"2250",36085013204,5,"Staten Island",5013204,11249695.0086,17057,16110,17834,16125,18847,17699,18630,17573,-1057,-1148,-1709,-947
"2251",36085013301,5,"Staten Island",5013301,721333.360207,2199,1687,2198,1829,2318,1891,2245,1897,-348,-427,-369,-512
"2252",36085013302,5,"Staten Island",5013302,9313661.84303,15596,14229,16546,14310,15978,14928,15989,15235,-754,-1050,-2236,-1367
"2253",36085013400,5,"Staten Island",5013400,9158025.40719,20681,19690,21273,20103,22610,21198,23956,21145,-2811,-1412,-1170,-991
"2254",36085013800,5,"Staten Island",5013800,15149158.9684,20467,20098,21102,20718,22581,22403,23279,22175,-1104,-178,-384,-369
"2255",36085014100,5,"Staten Island",5014100,3338848.52626,6827,6582,6497,6619,6853,7375,7528,7581,53,522,122,-245
"2256",36085014604,5,"Staten Island",5014604,12148066.1809,29676,30658,31043,30043,33018,30930,33616,30901,-2715,-2088,-1000,982
"2257",36085014605,5,"Staten Island",5014605,9497529.12029,14715,14159,16636,15691,17570,17004,16670,16427,-243,-566,-945,-556
"2258",36085014606,5,"Staten Island",5014606,19044545.8457,25330,27522,27392,27531,28276,28940,28257,28885,628,664,139,2192
"2259",36085014607,5,"Staten Island",5014607,7353796.25213,27148,29455,29995,28783,30749,29880,30248,29860,-388,-869,-1212,2307
"2260",36085014608,5,"Staten Island",5014608,4831070.6802,9973,8846,10393,8839,11761,9685,12578,9735,-2843,-2076,-1554,-1127
"2261",36085014700,5,"Staten Island",5014700,17978117.8429,14056,12883,13756,13454,15463,15219,14655,15507,852,-244,-302,-1173
"2262",36085015100,5,"Staten Island",5015100,10826458.2832,19923,19995,19950,20406,21818,22400,21523,21826,303,582,456,72
"2263",36085015400,5,"Staten Island",5015400,23377914.3508,2871,3351,2851,3616,2896,3938,2429,3949,1520,1042,765,480
"2264",36085015601,5,"Staten Island",5015601,15399913.8127,26792,27184,28481,27065,31744,28508,33841,29912,-3929,-3236,-1416,392
"2265",36085015602,5,"Staten Island",5015602,9484314.70379,11248,11978,12360,12195,13783,13106,14354,13267,-1087,-677,-165,730
"2266",36085015603,5,"Staten Island",5015603,10220108.4147,18276,17841,18336,18501,20196,19307,19452,19367,-85,-889,165,-435
"2267",36085016901,5,"Staten Island",5016901,8793357.85526,13655,12332,14103,12327,14841,13771,15016,13034,-1982,-1070,-1776,-1323
"2268",36085017005,5,"Staten Island",5017005,14951406.8067,25434,23963,26772,24591,31721,27187,33397,27306,-6091,-4534,-2181,-1471
"2269",36085017007,5,"Staten Island",5017007,15731555.5772,12425,12424,12891,11984,14142,12585,14480,11859,-2621,-1557,-907,-1
"2270",36085017009,5,"Staten Island",5017009,12741940.4018,14937,15550,15798,15271,16457,16506,16560,16674,114,49,-527,613
"2271",36085017011,5,"Staten Island",5017011,7745150.21343,14715,15136,15118,15581,15962,16788,16476,16449,-27,826,463,421
"2272",36085017012,5,"Staten Island",5017012,9897844.43879,13923,13353,14835,13606,16672,15616,17806,15215,-2591,-1056,-1229,-570
"2273",36085017013,5,"Staten Island",5017013,5970920.217,15424,15653,15276,15430,15133,15786,15645,15771,126,653,154,229
"2274",36085017014,5,"Staten Island",5017014,5985826.81554,11691,10930,12579,11360,14666,12232,16062,12382,-3680,-2434,-1219,-761
"2275",36085017015,5,"Staten Island",5017015,4928554.88647,8561,9878,9486,10477,9539,10863,9776,10242,466,1324,991,1317
"2276",36085017016,5,"Staten Island",5017016,7141525.47785,14811,13300,15487,12942,15714,14082,15745,13526,-2219,-1632,-2545,-1511
"2277",36085017300,5,"Staten Island",5017300,3688472.16331,5661,5464,5960,5396,6128,5525,6258,5217,-1041,-603,-564,-197
"2278",36085017600,5,"Staten Island",5017600,35698317.6657,20567,20923,21294,19524,26234,23937,28472,27838,-634,-2297,-1770,356
"2279",36085017701,5,"Staten Island",5017701,31761506.299,20131,17412,19469,18236,24257,20805,25788,21634,-4154,-3452,-1233,-2719
"2280",36085017702,5,"Staten Island",5017702,6308722.95689,6050,6156,6233,6340,7336,7351,7351,7829,478,15,107,106
"2281",36085018100,5,"Staten Island",5018100,56268491.4507,20889,18657,23509,20828,23169,20086,26186,19487,-6699,-3083,-2681,-2232
"2282",36085018701,5,"Staten Island",5018701,4129152.29285,5742,6015,5904,5957,6491,6618,6512,6364,-148,127,53,273
"2283",36085018703,5,"Staten Island",5018703,5103683.95122,6384,6273,6394,6575,6964,7332,8299,6735,-1564,368,181,-111
"2284",36085018704,5,"Staten Island",5018704,5819694.33247,9823,7406,10193,8097,10920,8831,11231,8444,-2787,-2089,-2096,-2417
"2285",36085018901,5,"Staten Island",5018901,12226182.3527,20245,19054,20516,19788,20736,21097,21623,21570,-53,361,-728,-1191
"2286",36085018902,5,"Staten Island",5018902,8112238.60517,8081,6952,7924,7113,9075,8003,9456,8093,-1363,-1072,-811,-1129
"2287",36085019700,5,"Staten Island",5019700,3231720.05357,5053,4718,5555,5034,5939,5598,5903,5677,-226,-341,-521,-335
"2288",36085019800,5,"Staten Island",5019800,61327688.0483,36589,34501,36992,32668,46813,40108,55768,39644,-16124,-6705,-4324,-2088
"2289",36085020100,5,"Staten Island",5020100,6757232.27866,18268,18204,18215,18501,18635,20046,17831,20147,2316,1411,286,-64
"2290",36085020701,5,"Staten Island",5020701,4470663.67988,8195,7004,8307,7174,8389,7178,8334,7351,-983,-1211,-1133,-1191
"2291",36085020702,5,"Staten Island",5020702,5506694.15122,12420,10940,12825,10765,13033,10945,13426,10853,-2573,-2088,-2060,-1480
"2292",36085020803,5,"Staten Island",5020803,22624233.0208,26142,28272,26659,27865,29310,30259,31577,32182,605,949,1206,2130
"2293",36085020804,5,"Staten Island",5020804,14324579.9785,21070,21043,21631,20782,23401,22493,23846,22377,-1469,-908,-849,-27
"2294",36085020805,5,"Staten Island",5020805,12213857.9092,26945,25977,26283,26003,30213,28616,31285,28111,-3174,-1597,-280,-968
"2295",36085020806,5,"Staten Island",5020806,15801720.5384,21369,21588,21213,21719,23531,23978,23906,23593,-313,447,506,219
"2296",36085021300,5,"Staten Island",5021300,8432869.65088,17871,15820,18309,15596,19349,17707,19018,17047,-1971,-1642,-2713,-2051
"2297",36085022300,5,"Staten Island",5022300,7078229.87058,8963,9388,8440,9384,8771,8673,8281,8290,9,-98,944,425
"2298",36085022601,5,"Staten Island",5022601,18760157.851,31298,30640,31396,29159,34926,32834,34231,32342,-1889,-2092,-2237,-658
"2299",36085022602,5,"Staten Island",5022602,67473889.351,62679,66585,62457,64875,68511,70627,68227,70652,2425,2116,2418,3906
"2300",36085022801,5,"Staten Island",5022801,47758768.9719,6884,6923,7223,7017,7890,7519,8332,8989,657,-371,-206,39
"2301",36085022802,5,"Staten Island",5022802,68122138.4805,3204,2410,3194,2433,3443,3097,3708,2554,-1154,-346,-761,-794
"2302",36085023100,5,"Staten Island",5023100,6280175.45511,12738,10712,12680,10535,12538,10412,12427,10578,-1849,-2126,-2145,-2026
"2303",36085023900,5,"Staten Island",5023900,5704405.74336,14255,13014,13737,13674,13332,14094,12431,14115,1684,762,-63,-1241
"2304",36085024401,5,"Staten Island",5024401,22561115.0885,23251,25536,24713,26550,30970,31956,32397,30245,-2152,986,1837,2285
"2305",36085024402,5,"Staten Island",5024402,19138069.1431,17659,18141,19363,18995,18821,18973,17966,17545,-421,152,-368,482
"2306",36085024700,5,"Staten Island",5024700,5174183.29861,17340,14149,17489,14699,18379,16201,17447,15086,-2361,-2178,-2790,-3191
"2307",36085024800,5,"Staten Island",5024800,17600970.3209,38308,43227,38265,42147,42534,44730,42327,46052,3725,2196,3882,4919
"2308",36085025100,5,"Staten Island",5025100,12586951.4906,16579,18125,18729,18498,19818,21525,20656,22280,1624,1707,-231,1546
"2309",36085027301,5,"Staten Island",5027301,32658814.051,27485,19777,26561,18395,30228,19549,34015,20137,-13878,-10679,-8166,-7708
"2310",36085027302,5,"Staten Island",5027302,11010889.7711,7777,8111,8041,7003,8606,8138,8669,8096,-573,-468,-1038,334
"2311",36085027702,5,"Staten Island",5027702,15700677.4561,107202,100056,104435,98224,109419,100697,107015,97283,-9732,-8722,-6211,-7146
"2312",36085027704,5,"Staten Island",5027704,5789587.91401,9701,10554,9769,10990,10385,11008,10042,11404,1362,623,1221,853
"2313",36085027705,5,"Staten Island",5027705,5721086.64953,12359,12497,12115,12064,13426,13001,13705,13117,-588,-425,-51,138
"2314",36085027706,5,"Staten Island",5027706,4718053.3883,20900,18739,20371,18473,22583,20985,23331,21997,-1334,-1598,-1898,-2161
"2315",36085027900,5,"Staten Island",5027900,58236964.5563,12833,10737,13236,11359,13889,12074,13225,12095,-1130,-1815,-1877,-2096
"2316",36085029102,5,"Staten Island",5029102,106255282.712,46720,47915,48226,50170,51481,52145,50319,47579,-2740,664,1944,1195
"2317",36085029104,5,"Staten Island",5029104,16617003.5875,29568,26774,29991,27311,31692,29700,32613,30522,-2091,-1992,-2680,-2794
"2318",36085029105,5,"Staten Island",5029105,17331554.7587,29342,30105,29038,29818,29791,31601,32485,31258,-1227,1810,780,763
"2319",36085029106,5,"Staten Island",5029106,4648918.52355,8128,7802,8126,8408,8614,8970,8374,8971,597,356,282,-326
"2320",36085030301,5,"Staten Island",5030301,7766659.7483,21037,18082,22234,18365,21716,19282,21971,19316,-2655,-2434,-3869,-2955
"2321",36085030302,5,"Staten Island",5030302,9788180.61951,24579,22334,25453,22704,24854,23688,24267,24147,-120,-1166,-2749,-2245
"2322",36085031901,5,"Staten Island",5031901,4127906.428,11405,10076,11548,10728,12602,11259,12139,11360,-779,-1343,-820,-1329
"2323",36085031902,5,"Staten Island",5031902,7019454.69555,10893,9212,10579,9532,10456,9271,10371,8946,-1425,-1185,-1047,-1681
"2324",36085032300,5,"Staten Island",5032300,41626574.1311,17616,15554,17418,14201,17277,14647,17717,14633,-3084,-2630,-3217,-2062
"2325",36085990100,5,"Staten Island",5990100,635701.967583,111,43,136,63,147,89,79,41,-38,-58,-73,-68
